	N0	N1	N2	N3	N4	N5	N6	N7	N8	N9	N10	N11	N12	N13	N14	N15	N16	N17	M0P0	M0P1	Class
0	0	0	0	0	0	0	0	2	0	0	1	2	1	2	1	0	1	0	2	1	0
1	1	0	0	0	0	1	1	1	0	0	0	1	0	1	1	0	0	1	0	1	2
2	0	0	0	1	0	0	0	2	0	0	0	1	0	1	1	0	0	0	2	1	0
3	0	0	0	1	2	0	1	0	0	0	1	1	1	1	1	1	1	1	1	0	2
4	0	1	0	1	0	0	0	0	0	0	0	0	1	1	1	0	1	0	1	1	1
5	1	0	0	1	2	0	1	0	0	0	1	1	1	1	1	0	2	0	1	1	1
6	0	1	1	0	0	0	0	1	0	0	0	0	0	0	2	0	0	0	0	1	2
7	0	1	0	0	1	1	0	1	0	1	1	1	1	2	1	1	2	0	1	2	0
8	0	1	0	0	1	0	1	0	0	0	1	1	2	0	0	1	1	0	0	2	1
9	1	0	0	1	1	0	0	1	0	1	1	0	0	2	2	0	0	0	0	1	2
10	1	1	0	0	2	1	0	0	0	1	1	0	2	1	1	0	0	0	1	0	2
11	0	1	1	1	1	0	0	1	0	1	1	0	0	0	0	0	0	0	1	0	2
12	0	0	0	1	1	0	0	0	0	1	1	1	1	2	1	0	1	0	1	1	1
13	0	1	0	1	1	0	0	1	0	0	2	1	0	1	1	0	1	1	1	1	1
14	0	0	0	2	0	0	0	1	0	1	0	2	1	0	0	0	1	1	1	1	1
15	0	0	1	1	0	0	0	1	0	1	0	1	0	1	1	0	0	0	1	1	1
16	1	1	0	2	0	0	0	1	0	1	1	1	0	2	0	0	1	0	1	0	2
17	0	0	0	1	0	0	0	0	0	0	2	1	0	1	1	1	1	1	1	2	0
18	0	0	1	1	1	0	0	0	0	1	2	0	1	1	1	0	1	0	1	1	1
19	0	1	0	0	1	0	1	1	0	1	0	1	2	0	1	0	0	1	0	2	1
20	0	1	1	2	1	0	0	1	0	0	0	0	1	1	0	0	0	0	0	1	2
21	0	0	0	0	2	0	0	1	0	0	1	1	0	0	1	0	1	1	1	0	2
22	0	0	0	0	0	0	1	1	0	1	1	1	0	1	0	0	0	1	1	2	0
23	0	1	0	1	0	0	0	0	0	0	1	0	2	0	1	0	1	1	1	1	1
24	1	1	0	1	2	0	1	0	0	1	1	0	0	1	1	1	1	0	0	0	0
25	0	0	0	1	1	0	1	1	0	0	1	1	1	2	1	0	0	0	2	1	0
26	0	1	0	1	0	0	0	1	0	1	1	1	1	1	1	0	1	0	1	1	1
27	0	0	0	1	0	0	1	1	0	0	1	1	1	1	1	0	2	0	1	1	1
28	0	1	0	0	0	0	0	1	0	1	1	1	0	0	0	1	2	0	0	1	2
29	0	1	0	2	0	0	0	0	0	1	0	1	0	1	1	0	0	0	2	1	0
30	0	1	0	2	1	0	2	1	0	0	2	1	0	0	0	0	0	0	2	0	1
31	0	1	0	2	2	0	0	1	1	0	0	1	1	2	1	0	1	0	1	2	0
32	1	0	0	2	2	0	1	0	1	1	0	1	2	1	0	0	0	1	2	2	2
33	0	1	1	0	1	0	0	1	0	0	0	1	0	1	2	0	2	0	0	2	1
34	0	0	0	1	1	0	0	2	0	1	0	2	0	1	2	0	1	0	1	1	1
35	0	1	0	0	1	0	0	2	1	1	0	1	1	1	1	1	2	0	1	1	1
36	1	0	0	1	2	0	0	2	1	2	0	0	1	1	1	0	1	0	1	1	1
37	0	1	0	0	1	0	0	0	0	0	2	1	0	0	0	0	1	1	2	1	0
38	0	0	0	2	1	0	0	2	0	1	0	0	1	1	2	0	1	0	0	1	2
39	0	1	0	1	1	1	0	0	0	0	1	1	0	0	0	0	1	0	1	2	0
40	0	0	0	1	1	0	0	1	1	0	0	1	0	1	1	0	0	0	0	1	2
41	1	0	0	0	2	0	1	1	0	1	1	0	2	0	1	0	1	0	2	2	2
42	0	0	1	1	0	0	1	1	0	0	1	0	0	1	1	0	0	0	2	1	0
43	1	0	0	1	0	0	0	0	0	2	2	1	2	0	1	0	1	0	0	1	2
44	0	0	0	0	1	0	0	2	1	2	0	0	1	2	0	0	0	0	1	0	2
45	1	0	0	1	1	0	0	0	1	0	0	1	0	0	0	1	2	0	1	1	1
46	0	0	0	0	1	0	0	1	0	1	0	1	1	1	2	0	1	0	0	1	2
47	0	0	0	1	1	1	0	2	0	1	1	1	1	0	1	1	1	0	2	2	2
48	1	2	1	1	0	0	0	2	0	0	1	0	0	1	0	0	1	0	2	1	0
49	0	1	0	1	0	0	0	0	1	1	0	1	1	1	1	0	2	0	2	2	2
50	0	1	0	2	0	0	0	1	0	0	0	1	0	0	0	1	1	0	1	1	1
51	0	1	0	0	1	0	0	2	0	2	1	1	2	1	1	1	1	0	1	0	2
52	0	0	0	1	1	0	0	2	0	1	0	2	1	1	0	1	1	0	1	1	1
53	0	1	0	1	1	0	1	1	0	0	0	0	1	2	1	0	1	0	1	2	0
54	0	0	0	0	0	0	0	0	0	2	1	0	0	0	2	0	0	1	1	2	0
55	0	0	0	1	1	0	0	1	0	0	0	0	1	1	1	0	1	0	1	2	0
56	0	0	0	0	1	0	2	1	1	2	2	1	1	1	1	0	1	0	1	1	1
57	0	0	0	1	2	0	0	0	0	1	1	0	2	2	1	0	1	0	1	0	2
58	0	0	0	1	1	0	0	0	0	2	1	0	1	0	1	0	0	0	1	1	1
59	0	0	0	0	2	0	0	1	0	0	1	1	2	0	1	0	1	0	0	2	1
60	0	0	0	1	1	0	0	1	0	0	2	1	1	1	2	0	0	0	0	0	0
61	0	1	0	0	1	0	0	2	0	1	1	0	0	0	1	0	0	0	1	2	0
62	1	1	0	0	1	0	0	1	0	0	1	2	0	2	0	0	0	0	1	0	2
63	0	0	0	1	1	0	1	1	1	0	1	0	1	0	2	1	0	0	2	1	0
64	0	1	1	0	0	0	0	1	0	2	0	1	0	0	1	1	1	1	0	1	2
65	0	1	0	1	2	0	0	2	0	1	1	1	0	0	2	0	1	1	0	1	2
66	0	1	0	0	1	1	1	1	0	1	1	0	0	1	1	2	0	0	0	1	2
67	1	1	0	0	1	0	0	0	0	1	0	1	0	2	1	0	0	1	0	2	1
68	0	0	0	0	2	0	0	0	0	1	1	0	0	2	1	0	2	1	1	0	2
69	0	0	0	1	1	0	1	0	0	1	1	0	1	1	2	1	1	0	0	0	0
70	1	1	1	1	1	0	0	1	0	1	1	2	2	0	1	0	0	0	1	2	0
71	0	0	1	2	1	0	0	0	1	1	1	0	1	1	2	0	0	0	1	0	2
72	0	0	0	1	1	0	0	1	0	0	1	1	1	1	0	0	1	1	0	1	2
73	0	0	0	1	1	0	0	2	0	1	2	1	1	1	1	0	1	0	1	2	0
74	0	1	0	0	0	1	0	1	0	0	0	0	2	0	2	0	1	0	0	1	2
75	0	1	0	1	1	0	0	1	0	1	0	0	0	2	1	1	0	0	1	0	2
76	0	0	0	0	2	1	0	1	0	0	0	1	0	0	0	0	1	0	1	2	0
77	0	0	0	0	1	0	1	0	0	0	0	2	2	1	1	0	0	0	1	0	2
78	0	2	1	1	0	0	1	1	0	1	1	1	0	2	0	1	0	0	1	1	1
79	0	2	1	1	0	1	0	0	1	0	1	0	1	1	1	0	2	0	1	1	1
80	0	1	1	1	2	0	0	1	0	0	0	0	0	0	1	1	1	1	1	1	1
81	0	0	0	1	2	0	0	1	1	1	1	0	0	0	0	0	1	0	1	1	1
82	0	0	0	1	1	0	0	1	1	0	0	0	1	1	2	0	1	0	1	2	0
83	0	0	0	0	2	0	1	1	0	0	0	1	1	1	1	1	0	1	0	1	2
84	0	0	0	0	1	0	1	1	0	0	0	0	1	2	1	0	0	0	1	1	1
85	0	1	0	1	1	0	0	2	0	0	0	0	0	1	1	0	0	0	1	0	2
86	0	0	1	2	1	0	0	1	0	2	1	0	1	0	0	0	0	0	2	1	0
87	0	1	0	0	1	0	0	1	0	1	1	2	2	1	1	0	0	1	0	2	1
88	0	0	0	1	1	0	0	0	0	0	1	1	1	1	1	0	0	0	0	1	2
89	0	0	1	1	2	0	0	0	0	1	0	1	0	1	0	0	0	0	1	1	1
90	1	1	0	2	1	0	0	1	0	0	0	1	1	2	1	0	0	0	0	1	2
91	0	0	0	1	0	0	0	2	0	1	2	1	1	1	2	0	0	1	1	1	1
92	0	1	0	1	0	0	1	1	0	1	0	0	2	2	1	0	0	0	2	2	2
93	0	0	0	0	1	1	0	2	0	0	0	1	1	1	1	0	1	1	2	1	0
94	0	0	0	2	0	0	1	1	0	1	1	0	0	1	0	1	0	0	1	1	1
95	0	1	0	1	0	0	0	0	0	0	0	0	0	1	0	1	2	1	0	0	0
96	0	0	1	0	1	0	0	1	0	2	1	2	1	1	1	0	2	0	2	1	0
97	0	0	0	0	2	1	0	1	0	2	1	1	2	0	2	0	1	0	2	0	1
98	0	1	0	2	1	0	1	2	0	0	0	1	1	2	2	0	0	0	0	1	2
99	0	2	0	2	0	0	0	0	0	0	0	1	1	1	1	0	0	0	1	2	0
100	0	0	0	1	1	1	0	2	0	1	2	1	2	1	2	1	1	1	2	0	1
101	0	0	0	0	1	1	0	1	0	0	0	0	1	1	2	0	0	0	1	1	1
102	0	0	0	0	0	0	0	0	0	1	1	0	1	0	0	1	1	0	1	1	1
103	1	1	0	0	0	0	0	1	0	0	1	1	0	1	1	0	1	0	0	2	1
104	1	1	1	2	1	0	0	1	0	0	1	0	1	2	2	1	1	0	2	1	0
105	0	0	0	1	1	0	0	1	0	1	0	1	1	1	0	0	0	1	1	1	1
106	0	0	0	1	0	0	0	2	0	1	1	0	0	1	0	1	0	1	2	1	0
107	1	1	1	0	2	0	0	1	0	0	0	2	1	0	1	0	1	0	1	0	2
108	0	1	1	0	2	1	0	0	0	2	2	1	1	1	1	0	1	0	0	0	0
109	0	1	1	2	0	0	0	2	0	1	0	0	2	2	1	0	1	1	0	2	1
110	2	0	0	1	1	0	0	1	0	1	1	0	1	2	0	1	0	1	2	2	2
111	0	0	0	1	1	0	0	1	0	2	2	1	1	1	0	0	1	0	1	2	0
112	1	0	0	1	0	0	0	2	0	1	0	1	1	2	0	0	2	0	1	0	2
113	0	0	0	0	1	0	0	2	0	0	0	1	2	1	0	1	1	0	1	0	2
114	0	1	0	1	1	0	0	1	0	2	0	1	0	1	0	1	0	0	2	1	0
115	0	0	1	2	0	0	0	1	1	1	0	1	2	2	1	0	0	0	0	1	2
116	0	0	0	1	2	1	0	1	0	0	2	0	0	2	0	0	1	0	1	1	1
117	0	0	1	1	2	0	1	1	0	2	0	1	1	1	0	0	1	0	0	0	0
118	0	0	0	1	1	0	0	1	0	0	1	0	0	1	0	1	1	0	1	1	1
119	0	0	1	1	0	0	0	1	0	0	0	2	1	2	0	0	1	0	1	1	1
120	0	0	0	0	1	0	1	0	0	0	1	1	2	1	2	0	2	0	0	1	2
121	0	0	0	1	0	0	0	1	0	0	0	0	0	1	1	1	0	0	1	1	1
122	0	0	0	2	1	0	0	1	0	2	0	0	1	1	1	0	2	1	1	1	1
123	0	0	0	1	0	0	0	1	0	0	1	0	1	1	1	1	1	0	1	2	0
124	0	0	0	0	1	0	0	1	0	0	0	1	0	1	1	1	0	0	1	2	0
125	0	0	1	1	2	0	0	2	0	1	1	0	2	2	1	0	0	0	0	0	0
126	0	0	0	1	1	0	0	1	0	2	1	2	1	1	1	1	1	1	1	1	1
127	0	1	0	0	2	0	1	1	0	0	2	1	0	1	0	0	0	0	0	2	1
128	0	0	1	1	0	1	0	0	1	0	0	0	1	0	1	1	1	0	1	0	2
129	0	0	0	2	1	0	0	1	0	1	2	2	0	0	1	0	0	0	2	2	2
130	0	0	0	1	2	1	0	0	0	0	1	0	1	1	0	0	1	0	0	0	0
131	0	0	0	0	0	0	0	1	0	1	2	1	2	1	1	1	0	1	1	0	2
132	0	0	0	1	1	0	0	2	0	0	0	1	0	0	1	0	0	0	1	1	1
133	0	0	1	1	2	0	0	1	0	0	1	2	0	0	1	0	0	0	1	1	1
134	0	0	2	1	2	0	0	0	0	0	2	0	1	1	1	0	1	1	1	1	1
135	0	1	1	1	0	0	0	2	0	1	0	0	2	2	1	0	0	0	1	1	1
136	0	0	0	0	2	0	0	1	0	0	1	1	0	1	2	0	0	0	1	1	1
137	1	0	0	1	1	1	1	0	0	0	1	0	2	1	2	1	0	1	2	0	1
138	0	0	0	1	0	1	0	2	1	1	1	0	0	1	0	1	1	0	1	1	1
139	0	0	0	1	0	0	0	1	0	0	2	0	1	0	1	0	0	0	1	0	2
140	0	0	0	0	0	0	0	2	1	1	2	1	0	1	2	0	1	0	1	1	1
141	0	2	1	0	2	0	1	0	0	0	0	1	0	2	2	0	0	0	1	0	2
142	0	0	0	1	0	0	0	2	0	1	2	0	1	0	1	0	0	0	0	1	2
143	0	0	0	1	1	0	1	0	0	0	0	1	2	1	0	0	1	1	1	1	1
144	1	1	0	0	1	0	0	0	1	0	0	1	0	1	1	0	2	0	1	1	1
145	0	0	0	2	2	0	0	2	1	2	0	2	0	1	2	0	0	0	1	2	0
146	1	0	0	2	0	0	0	1	0	0	2	0	0	0	2	0	1	0	1	1	1
147	0	0	0	1	1	0	0	1	0	0	1	0	2	2	1	0	0	1	1	1	1
148	0	0	0	1	2	0	1	2	0	0	1	0	2	2	0	0	0	0	2	1	0
149	0	0	0	0	1	0	1	1	0	0	1	0	0	0	1	0	1	0	1	1	1
150	0	0	0	1	2	0	0	0	0	0	0	0	0	0	1	0	1	1	2	1	0
151	0	0	0	1	1	0	0	1	0	0	1	1	1	1	0	0	0	0	0	1	2
152	0	1	0	0	2	0	0	1	0	2	1	0	1	1	0	0	1	0	1	1	1
153	0	0	0	2	1	0	0	2	0	2	0	1	0	0	1	0	0	1	0	0	0
154	0	0	0	1	1	0	0	1	0	1	0	1	1	1	0	0	0	0	2	1	0
155	0	2	0	1	0	1	1	0	0	0	2	0	1	0	2	0	1	0	1	2	0
156	1	0	1	1	1	0	0	1	0	1	0	1	0	0	0	0	1	1	1	2	0
157	0	1	0	0	2	0	0	2	0	1	0	1	1	1	1	0	2	1	2	1	0
158	0	0	0	1	2	0	0	1	0	2	0	1	1	0	1	0	1	0	2	1	0
159	0	2	0	2	0	0	1	1	0	0	2	2	0	0	1	1	0	0	1	0	2
160	0	0	0	1	0	0	2	2	0	2	1	1	1	1	1	0	1	0	1	0	2
161	0	0	1	1	0	0	1	1	0	0	1	1	0	1	1	1	0	0	0	0	0
162	0	0	0	1	0	0	0	0	0	1	1	1	1	1	2	0	0	0	2	1	0
163	0	1	0	2	1	0	1	2	0	0	0	0	1	2	0	0	0	0	2	1	0
164	0	1	0	0	1	0	0	1	0	0	2	2	1	1	0	1	0	0	2	2	2
165	0	1	1	1	2	0	0	1	0	0	1	2	0	1	0	0	1	1	2	2	2
166	0	0	0	1	1	0	0	1	0	2	0	2	0	1	0	0	2	0	2	1	0
167	0	0	0	1	0	0	0	2	0	0	1	1	1	2	0	0	0	0	1	1	1
168	0	1	1	0	0	0	0	1	0	0	0	1	1	1	1	1	0	1	0	1	2
169	1	0	1	1	0	0	0	0	0	0	0	2	1	0	1	0	0	0	2	2	2
170	0	0	1	0	1	0	0	1	0	0	1	0	1	0	2	0	0	0	2	1	0
171	0	1	1	0	2	0	0	1	0	0	2	1	2	0	0	0	2	0	2	1	0
172	1	0	1	1	1	0	0	1	0	2	1	1	0	0	1	0	1	0	1	0	2
173	0	0	0	2	0	0	1	1	0	0	1	1	2	1	0	1	0	2	0	1	2
174	0	0	0	1	0	0	1	0	0	1	1	1	1	0	1	0	0	0	1	1	1
175	0	1	0	1	1	0	2	1	0	0	0	1	0	1	0	1	1	1	0	1	2
176	0	0	0	2	0	0	1	0	1	0	0	1	2	0	0	0	1	1	2	1	0
177	1	0	1	1	1	0	0	1	0	0	0	0	2	1	0	0	1	0	1	1	1
178	0	0	0	1	2	0	0	2	0	1	1	1	1	0	1	0	0	0	1	2	0
179	1	0	0	1	1	0	1	1	0	0	1	0	0	1	2	1	0	0	1	1	1
180	0	0	1	1	1	0	0	1	0	0	0	1	1	1	1	0	1	0	2	1	0
181	0	0	0	0	1	0	1	1	0	1	0	2	1	2	1	0	1	1	1	0	2
182	1	0	0	0	1	0	0	1	0	1	1	1	2	1	2	0	0	0	1	0	2
183	0	1	0	0	2	0	1	1	0	0	0	1	0	1	1	1	1	0	2	1	0
184	0	1	0	1	2	0	0	2	0	0	0	2	1	0	1	0	2	1	1	1	1
185	0	0	0	1	0	0	0	1	0	1	0	1	1	1	2	1	0	0	1	0	2
186	0	1	1	1	1	0	0	0	0	0	1	0	2	0	1	0	1	0	1	1	1
187	0	0	0	1	0	0	0	1	0	2	0	1	1	0	1	0	1	0	1	1	1
188	1	0	0	1	0	0	0	0	0	1	0	0	1	0	1	1	2	0	0	1	2
189	0	2	0	1	2	0	0	1	0	0	1	2	2	1	1	0	1	1	1	0	2
190	0	1	0	2	1	0	0	0	0	0	1	1	2	0	1	1	0	0	1	1	1
191	0	1	0	1	0	0	1	1	0	0	1	2	1	0	0	0	0	0	1	0	2
192	0	0	0	1	0	0	0	0	1	1	0	1	1	1	1	1	2	1	0	1	2
193	1	1	1	1	0	0	0	1	0	0	0	1	1	1	1	0	0	0	1	1	1
194	0	0	0	0	1	0	1	1	0	1	0	1	1	1	0	0	1	1	2	1	0
195	0	1	0	1	2	0	0	1	0	0	0	1	0	1	0	0	0	0	0	1	2
196	0	1	0	1	0	0	0	1	0	0	0	1	2	0	0	0	1	0	1	1	1
197	1	0	1	2	0	0	0	1	1	0	2	0	1	1	0	0	0	0	1	0	2
198	1	1	0	0	1	0	0	2	0	0	1	1	2	0	0	0	1	0	1	1	1
199	0	0	0	1	1	0	1	1	0	1	1	2	1	1	2	1	1	0	1	1	1
200	0	2	0	1	0	0	0	1	0	0	0	2	0	2	0	1	0	1	2	2	2
201	1	1	0	1	2	1	1	1	0	0	1	0	1	0	1	0	1	1	1	1	1
202	1	1	1	1	1	1	2	0	0	0	1	0	2	2	0	1	1	0	0	1	2
203	1	1	1	0	1	0	1	0	0	0	0	1	0	1	1	0	2	1	0	2	1
204	0	1	1	0	0	1	1	1	0	1	0	1	1	1	1	0	1	0	1	1	1
205	0	1	1	0	1	0	1	0	0	2	0	0	0	0	2	1	1	1	2	2	2
206	0	1	0	1	0	0	0	0	0	1	1	0	1	0	1	1	1	0	1	2	0
207	1	1	0	2	0	0	0	1	1	1	2	2	1	1	1	0	0	0	1	1	1
208	0	0	0	2	1	0	0	0	0	2	1	1	0	1	1	0	0	1	1	0	2
209	0	0	0	1	1	0	0	1	1	1	1	2	1	2	0	0	1	0	1	1	1
210	0	1	0	2	2	0	1	0	0	0	1	1	1	1	0	0	0	1	0	1	2
211	1	1	0	1	2	1	1	1	0	0	0	2	2	1	0	0	1	0	0	2	1
212	0	1	0	0	0	0	1	2	0	0	0	0	2	2	1	2	0	0	0	1	2
213	0	0	0	2	1	0	1	1	1	2	0	1	1	2	1	0	1	1	2	1	0
214	0	0	0	1	1	0	1	1	0	1	1	1	1	1	0	1	0	1	1	0	2
215	1	0	0	1	1	0	0	1	0	0	0	0	0	1	1	0	1	2	2	0	1
216	0	0	0	0	2	0	0	2	1	1	2	0	1	1	1	0	0	0	0	1	2
217	0	0	0	1	2	0	0	2	0	2	1	1	1	1	0	0	2	0	1	1	1
218	1	0	0	1	0	0	0	1	0	0	1	1	0	1	2	0	0	0	2	0	1
219	0	1	0	0	0	0	0	1	0	1	0	0	2	1	1	1	0	0	1	0	2
220	0	0	0	2	0	1	1	1	0	0	0	1	1	1	1	0	1	1	2	0	1
221	0	1	0	0	1	0	1	1	0	1	0	1	1	0	0	1	0	1	1	1	1
222	1	0	1	1	2	0	1	0	0	1	1	1	1	0	2	0	0	0	1	1	1
223	0	0	1	1	0	0	0	1	0	0	0	1	0	2	2	0	1	0	1	0	2
224	0	0	0	1	1	0	1	0	0	1	1	0	0	2	0	1	2	0	1	1	1
225	0	0	0	1	0	0	0	2	0	1	0	1	1	1	0	0	1	0	1	2	0
226	0	0	0	2	2	0	0	2	0	0	0	1	2	0	1	0	1	0	2	1	0
227	0	0	0	2	0	1	2	2	0	0	0	2	1	0	0	2	2	1	1	1	1
228	0	0	1	1	1	1	0	1	0	2	0	0	0	0	0	1	1	0	1	1	1
229	0	1	0	0	1	0	1	2	0	0	0	2	1	2	0	0	1	0	0	1	2
230	0	1	1	2	1	0	0	0	0	0	0	1	0	1	1	1	1	0	2	2	2
231	1	1	0	0	0	0	0	1	0	1	0	2	1	0	1	1	1	0	1	0	2
232	0	0	0	0	1	0	0	2	0	1	0	1	1	1	2	1	1	0	1	1	1
233	0	0	1	1	1	0	0	1	0	0	0	1	0	1	1	0	0	0	1	1	1
234	0	0	0	2	1	0	1	1	0	1	1	2	1	1	1	1	2	1	1	1	1
235	0	0	0	0	1	0	1	1	0	1	1	0	0	0	2	1	1	0	2	1	0
236	1	0	1	2	0	1	0	0	0	0	0	1	1	1	2	1	0	0	1	2	0
237	0	1	0	0	1	0	0	0	0	0	1	1	1	0	1	0	1	0	2	2	2
238	0	0	0	2	2	1	1	2	0	0	1	1	2	0	0	0	0	0	1	0	2
239	0	1	0	1	1	1	1	0	0	1	0	1	1	2	2	1	2	2	0	1	2
240	0	0	1	1	2	1	0	0	0	0	2	1	0	1	1	0	0	1	1	1	1
241	0	0	0	1	0	0	0	0	0	0	1	0	1	0	2	0	1	0	1	1	1
242	0	0	0	2	0	0	0	1	1	1	1	1	1	0	0	0	0	0	1	1	1
243	0	0	0	0	1	0	0	0	0	1	0	1	1	1	1	1	0	0	0	2	1
244	0	1	1	0	1	0	0	0	0	1	1	1	1	1	0	0	0	1	1	1	1
245	1	0	0	1	2	0	1	1	0	1	1	0	2	0	0	1	0	1	2	0	1
246	1	0	0	2	1	0	0	2	0	0	1	1	0	2	2	0	0	1	2	2	2
247	1	0	0	2	0	0	0	1	0	1	1	0	1	2	1	0	0	0	1	0	2
248	0	0	0	2	0	0	0	1	0	1	2	1	1	0	1	0	0	0	1	0	2
249	0	0	0	0	0	0	1	2	1	1	1	1	0	1	0	0	1	0	1	1	1
250	0	0	0	0	2	0	1	0	0	0	1	1	0	0	1	0	0	0	2	2	2
251	0	0	0	1	0	0	0	1	0	1	1	1	0	1	1	0	1	0	0	1	2
252	1	1	0	0	2	0	1	1	0	0	2	0	1	1	1	0	0	0	1	1	1
253	0	0	0	0	1	0	1	1	0	1	0	1	1	0	1	0	2	0	0	0	0
254	0	0	0	2	1	0	0	1	0	0	0	1	0	1	1	1	0	0	1	1	1
255	0	0	0	0	1	0	1	0	0	1	1	1	1	1	0	1	1	1	0	2	1
256	0	1	1	2	0	1	1	1	1	1	1	1	0	1	0	1	1	0	0	1	2
257	0	1	0	0	1	1	1	2	1	1	1	1	1	0	1	0	1	0	0	0	0
258	0	0	0	2	1	0	0	1	0	1	1	0	0	2	0	0	2	0	1	0	2
259	0	0	1	1	2	0	1	1	0	1	1	0	0	1	0	1	1	0	2	1	0
260	1	0	0	0	0	1	0	2	0	0	1	1	1	0	1	0	1	1	0	0	0
261	0	1	0	1	2	0	0	2	0	2	0	1	0	1	1	0	0	1	1	2	0
262	0	0	0	1	1	0	0	1	1	1	0	1	1	2	2	0	2	0	0	1	2
263	0	1	0	1	1	1	0	0	0	1	2	1	2	1	0	0	2	1	2	1	0
264	1	0	0	1	1	0	1	2	1	0	0	1	0	1	1	0	1	0	1	2	0
265	1	1	1	2	2	0	0	1	0	1	1	1	1	0	0	1	0	1	1	1	1
266	1	0	0	1	0	0	1	2	0	1	1	1	0	0	1	1	1	0	1	1	1
267	2	0	0	2	0	0	0	2	0	0	1	1	0	1	2	1	0	0	1	1	1
268	2	1	0	1	1	0	1	2	0	0	1	1	1	1	0	0	1	0	1	2	0
269	0	1	0	1	0	1	1	1	0	2	1	2	1	2	2	0	1	1	2	1	0
270	0	1	1	2	2	0	0	2	0	2	1	1	0	0	0	0	1	1	1	2	0
271	0	1	1	2	0	0	1	2	0	0	0	1	1	1	2	1	0	1	1	1	1
272	0	0	0	1	2	0	0	1	0	1	0	2	2	0	0	1	0	0	1	2	0
273	0	0	0	0	1	0	2	2	0	0	1	2	1	1	1	1	0	0	1	1	1
274	0	1	0	0	0	0	1	0	1	1	0	0	2	1	1	0	0	0	0	0	0
275	0	0	0	0	2	0	0	2	0	0	0	2	1	0	2	0	0	1	0	1	2
276	1	0	0	1	1	0	0	0	0	2	2	1	0	2	1	1	0	0	1	1	1
277	0	1	0	1	0	0	0	0	1	0	0	1	0	1	1	1	0	1	1	0	2
278	0	1	0	0	2	0	1	1	0	0	0	1	0	1	0	1	1	0	1	1	1
279	0	2	0	0	1	0	0	2	0	0	0	1	0	1	2	0	0	0	2	1	0
280	1	1	0	2	1	0	1	2	0	0	1	0	1	2	2	1	1	0	2	0	1
281	0	0	0	0	0	0	0	1	0	1	1	1	1	1	0	0	1	1	0	2	1
282	0	0	0	2	0	0	0	2	0	0	0	0	2	1	1	0	1	0	1	2	0
283	0	0	0	1	1	0	0	0	0	1	0	2	0	0	0	0	1	1	2	0	1
284	0	0	0	0	1	0	0	1	0	0	0	1	1	2	0	0	0	1	2	1	0
285	1	1	0	2	2	0	0	1	0	0	0	1	1	1	1	0	0	0	1	1	1
286	0	1	0	2	0	0	0	1	0	1	1	2	1	0	1	0	1	1	1	2	0
287	0	0	0	0	2	0	2	1	0	0	1	2	1	1	1	0	0	1	1	2	0
288	0	0	0	0	1	0	0	2	0	0	1	0	0	1	2	0	2	0	1	2	0
289	0	1	0	1	1	0	1	1	0	1	0	2	0	1	0	0	1	1	1	0	2
290	0	1	0	1	1	0	0	2	1	1	0	1	2	2	1	1	1	1	1	0	2
291	0	1	0	0	2	0	0	1	0	0	1	1	0	2	1	1	0	0	1	1	1
292	0	0	0	2	1	0	0	1	0	0	2	1	0	0	1	0	2	0	2	2	2
293	1	1	0	1	1	0	0	1	0	0	1	0	0	1	1	0	1	0	1	1	1
294	0	0	0	0	0	0	1	0	1	1	2	1	1	0	0	1	1	1	1	1	1
295	1	0	0	1	0	0	0	0	0	0	1	2	1	1	1	0	1	0	1	2	0
296	0	0	1	2	0	0	0	1	0	1	2	1	0	0	2	0	1	0	0	0	0
297	0	1	0	2	2	0	0	1	0	0	1	1	0	1	1	0	0	0	1	0	2
298	0	0	0	2	2	0	0	1	0	0	0	1	1	1	0	1	0	1	0	1	2
299	0	0	0	1	0	0	0	1	1	0	1	2	2	0	0	0	2	0	1	0	2
300	0	2	0	1	1	0	0	1	0	0	1	1	2	1	0	0	0	0	1	1	1
301	0	1	0	2	0	0	0	1	1	0	1	1	1	1	1	2	0	0	1	1	1
302	1	1	0	1	2	0	1	1	1	0	1	2	1	1	1	0	2	1	2	1	0
303	0	1	1	0	0	0	0	1	0	0	1	2	0	0	0	0	1	0	1	1	1
304	0	1	0	2	1	0	0	1	0	0	0	1	0	1	1	0	1	2	2	1	0
305	0	0	0	0	1	0	0	1	0	0	1	1	1	1	1	1	1	0	2	1	0
306	0	0	1	0	2	0	0	1	0	0	0	1	1	1	0	0	1	0	1	1	1
307	0	0	0	1	1	0	0	1	0	1	2	2	2	1	1	0	1	0	0	1	2
308	1	0	0	1	0	0	1	1	0	1	1	0	2	2	2	1	0	0	1	1	1
309	0	0	0	1	0	0	0	2	0	0	0	1	1	1	2	0	1	1	0	1	2
310	0	1	0	1	1	0	0	1	0	1	1	0	0	2	1	0	1	0	0	0	0
311	0	1	0	1	1	0	0	1	0	0	0	2	0	1	0	1	1	0	1	0	2
312	0	0	0	1	1	0	0	2	0	1	0	1	0	2	0	0	0	1	0	1	2
313	0	0	1	1	1	0	0	0	0	0	1	1	1	1	1	0	1	0	2	0	1
314	0	0	0	0	1	0	0	1	0	2	1	1	0	1	0	0	0	0	0	1	2
315	0	1	0	2	1	0	1	2	0	0	1	0	1	1	1	1	1	0	0	1	2
316	0	0	0	1	0	0	0	2	0	0	1	0	1	1	2	0	0	1	0	1	2
317	1	1	0	1	1	0	0	2	0	2	1	1	2	2	1	1	1	0	1	0	2
318	0	0	0	2	1	0	0	2	0	0	1	1	0	1	2	1	1	0	1	2	0
319	0	1	0	2	1	1	1	0	0	0	1	0	0	0	2	0	1	0	1	2	0
320	0	0	0	1	1	0	0	0	0	0	1	0	2	2	0	0	1	0	0	2	1
321	1	0	0	1	2	0	0	1	0	1	1	2	0	1	0	0	0	1	2	1	0
322	0	1	1	1	0	0	1	0	0	2	0	1	2	0	0	1	0	1	0	1	2
323	0	1	0	1	0	0	0	2	0	0	1	2	1	1	1	0	0	1	2	1	0
324	0	2	0	0	0	1	0	2	0	1	2	2	0	0	0	0	1	0	2	1	0
325	0	0	0	1	1	0	1	1	0	0	0	0	1	1	1	0	0	0	2	1	0
326	0	0	1	0	1	0	0	2	0	0	1	1	1	1	1	0	2	0	0	1	2
327	2	0	1	1	1	0	0	1	0	2	0	1	1	1	1	0	2	1	1	1	1
328	1	0	0	2	1	0	1	0	0	1	2	1	1	0	1	0	2	0	0	1	2
329	0	0	0	1	0	0	0	2	1	0	0	1	2	1	1	0	0	1	1	2	0
330	1	0	0	0	0	1	1	2	0	2	1	0	2	1	1	1	0	0	1	0	2
331	0	2	1	1	2	0	0	0	0	0	0	1	1	1	1	0	1	0	2	1	0
332	0	0	0	1	2	0	1	2	1	0	1	0	2	0	0	0	2	0	0	2	1
333	0	1	0	1	1	0	0	1	0	0	1	0	1	1	0	1	1	0	1	0	2
334	0	1	0	1	1	0	0	1	0	0	1	1	0	1	2	1	0	0	1	1	1
335	1	0	0	1	1	0	0	1	0	1	2	0	0	0	2	0	0	1	1	1	1
336	0	0	0	1	1	0	0	2	0	2	1	1	1	1	0	0	0	0	2	0	1
337	0	1	0	0	1	0	1	0	1	0	0	1	1	1	1	0	0	0	1	2	0
338	0	0	0	1	2	0	0	0	0	0	0	0	1	2	0	0	1	1	2	1	0
339	0	0	1	1	0	0	0	1	0	0	1	1	1	2	0	0	0	2	0	1	2
340	0	0	0	0	1	0	0	0	0	0	1	2	1	1	0	1	0	1	1	2	0
341	0	0	0	1	2	1	1	2	0	2	1	1	1	0	2	1	1	0	1	1	1
342	1	0	0	2	1	0	0	1	0	1	1	0	0	2	0	0	0	0	0	1	2
343	0	1	0	2	1	0	0	1	0	1	1	2	1	1	1	0	0	1	1	0	2
344	0	1	0	0	1	0	0	0	0	0	0	1	0	1	0	0	1	0	1	1	1
345	1	0	0	2	0	0	0	1	0	0	1	1	1	1	1	1	0	0	1	1	1
346	0	1	0	0	0	1	1	0	0	1	0	0	1	1	0	1	0	0	0	2	1
347	0	0	0	1	1	1	1	0	0	2	1	1	1	1	2	0	1	0	0	1	2
348	0	1	0	0	1	0	0	1	1	1	0	2	1	1	0	1	1	0	2	0	1
349	0	0	0	2	2	0	0	1	0	0	1	1	1	0	0	0	0	0	2	1	0
350	0	0	0	1	2	0	1	1	0	1	2	0	1	0	0	2	1	0	1	0	2
351	1	0	1	1	0	0	1	0	0	2	2	1	1	0	1	0	1	0	1	0	2
352	1	0	1	0	1	0	0	1	0	0	0	0	2	1	1	0	1	0	1	2	0
353	1	0	1	1	1	0	1	0	0	1	1	1	0	1	1	0	0	0	0	1	2
354	0	1	0	0	0	0	0	1	0	2	1	1	1	0	1	0	0	0	2	1	0
355	0	0	0	1	0	0	0	0	0	1	1	1	1	1	0	1	2	1	0	1	2
356	0	0	0	0	2	0	0	2	1	0	0	1	1	1	2	0	1	0	1	0	2
357	0	1	0	1	0	0	0	0	0	1	0	2	1	1	0	0	1	0	1	0	2
358	0	1	0	2	2	0	1	1	0	1	0	0	0	1	1	0	0	0	1	0	2
359	0	1	0	2	0	0	1	0	0	1	0	0	0	2	1	0	0	0	2	2	2
360	1	1	0	2	1	0	0	1	0	0	0	2	1	1	0	1	1	0	1	0	2
361	1	0	0	0	2	0	1	2	0	0	1	2	2	2	2	0	1	0	2	0	1
362	0	0	1	1	0	0	0	1	0	0	1	2	1	0	0	1	1	0	2	0	1
363	0	0	0	0	1	0	0	1	0	1	0	0	1	0	0	1	1	0	1	0	2
364	1	1	1	1	1	0	0	1	1	0	0	1	0	0	2	0	1	0	1	1	1
365	0	0	0	1	1	0	1	1	0	0	0	1	1	1	0	0	1	0	1	1	1
366	0	1	0	1	2	0	1	1	0	1	1	0	1	1	1	0	0	0	2	1	0
367	0	0	0	0	1	0	1	1	0	0	1	0	0	2	0	0	2	1	2	1	0
368	0	0	0	1	2	0	0	1	1	2	0	1	1	2	0	0	2	1	1	1	1
369	0	1	0	2	1	1	0	1	0	0	2	1	1	1	0	1	1	1	1	2	0
370	0	0	1	1	1	0	0	1	0	1	1	0	0	1	0	0	2	0	1	1	1
371	0	0	0	1	0	1	0	1	0	0	1	1	1	1	2	1	0	0	1	2	0
372	0	1	0	1	2	0	0	1	0	1	1	1	2	0	1	0	0	0	2	2	2
373	1	0	1	1	1	0	0	0	0	2	1	1	1	1	0	0	0	0	1	1	1
374	0	0	0	0	1	0	0	2	0	0	0	0	2	1	0	0	0	0	1	1	1
375	0	0	1	1	0	0	1	1	0	0	0	0	2	1	1	1	0	2	2	1	0
376	0	0	0	2	1	0	0	0	0	1	1	0	1	1	0	0	0	1	2	2	2
377	0	0	1	1	1	0	0	1	0	1	2	0	0	0	0	0	0	0	2	2	2
378	0	0	0	1	1	0	0	1	0	1	0	1	2	1	1	0	2	0	0	2	1
379	0	0	1	2	0	0	0	2	0	2	1	0	0	1	0	0	0	0	1	1	1
380	0	0	0	2	0	0	1	2	0	2	2	1	2	0	0	1	1	2	1	2	0
381	1	0	0	2	0	1	0	1	0	0	2	0	0	0	2	0	0	1	2	1	0
382	0	0	1	0	0	0	0	2	0	0	1	1	1	0	1	0	0	0	2	0	1
383	0	1	1	2	0	1	1	2	0	0	1	1	1	1	0	0	0	0	1	2	0
384	1	0	0	1	1	0	0	0	0	1	0	2	0	1	1	0	2	1	1	2	0
385	1	1	0	0	0	0	1	1	0	1	1	1	0	0	0	0	0	1	2	0	1
386	1	0	0	1	1	0	0	0	0	0	0	2	1	2	1	1	0	1	1	0	2
387	1	0	1	0	2	1	0	1	0	0	0	2	1	1	1	0	0	0	1	1	1
388	0	0	1	1	1	0	0	1	0	0	0	0	0	1	1	0	1	0	0	1	2
389	0	0	1	1	1	0	0	1	0	0	0	1	2	1	0	0	0	0	2	1	0
390	0	0	1	1	1	0	1	2	2	1	0	2	1	2	1	0	0	0	1	1	1
391	1	1	0	1	1	0	0	1	0	2	0	2	1	2	1	0	0	0	1	0	2
392	0	1	1	0	1	0	0	1	0	1	0	1	1	2	1	0	1	0	2	0	1
393	0	0	0	1	0	0	0	2	0	1	1	0	0	1	1	0	1	0	2	0	1
394	0	1	0	2	1	1	0	0	0	1	0	0	1	1	2	1	0	0	1	1	1
395	0	0	0	1	1	0	0	1	0	0	1	0	0	1	2	0	0	0	2	0	1
396	0	1	1	1	1	0	1	2	0	1	2	2	0	1	0	1	1	0	0	2	1
397	0	0	0	0	2	0	0	2	0	1	1	0	0	1	2	0	0	0	0	1	2
398	0	1	1	1	1	0	0	1	1	1	0	1	1	1	0	0	1	1	1	1	1
399	0	0	2	1	0	0	0	1	0	0	1	1	1	0	2	1	1	0	1	1	1
400	0	0	0	1	0	1	0	2	0	0	1	2	1	0	1	0	0	0	1	1	1
401	0	0	0	2	1	0	0	1	0	1	1	0	2	1	2	0	1	0	0	0	0
402	0	1	1	0	1	0	1	0	0	0	2	1	1	1	1	0	1	1	0	1	2
403	0	0	0	1	1	1	0	1	0	0	1	1	0	1	0	0	1	0	1	0	2
404	1	0	0	2	1	1	2	1	0	2	0	1	1	2	1	0	0	0	0	1	2
405	0	1	0	2	0	0	1	0	0	0	0	1	2	0	1	1	1	0	1	1	1
406	0	0	0	1	1	0	1	2	0	0	0	1	0	0	1	0	1	0	2	1	0
407	1	0	0	2	1	1	0	2	0	0	0	0	2	0	0	0	0	0	2	0	1
408	0	0	1	0	0	0	1	1	0	1	1	1	0	0	1	0	0	0	1	1	1
409	0	1	0	1	1	0	0	2	0	0	0	0	1	2	0	0	0	1	1	0	2
410	1	0	1	1	2	1	0	1	0	2	1	0	1	1	0	0	1	0	1	1	1
411	0	0	0	1	0	0	0	1	0	2	1	0	0	0	1	0	0	1	1	2	0
412	0	0	1	2	2	0	0	0	0	0	0	1	1	0	1	0	1	0	2	0	1
413	0	0	1	2	1	0	0	1	0	2	1	2	0	2	1	0	1	0	1	0	2
414	0	0	1	2	1	1	0	1	0	1	0	0	1	1	2	0	1	0	0	1	2
415	0	0	0	0	1	0	0	0	1	0	0	1	1	2	0	0	0	0	0	0	0
416	0	0	0	1	2	0	0	1	0	2	0	1	1	2	1	0	1	0	2	0	1
417	0	1	1	1	2	0	1	0	0	1	1	1	2	1	1	0	0	0	2	1	0
418	0	1	1	1	0	0	0	1	0	1	0	0	0	0	1	0	0	0	1	2	0
419	0	2	1	0	1	0	1	1	0	0	0	0	0	2	1	0	2	0	1	1	1
420	1	0	0	1	1	0	0	0	0	0	0	0	1	0	1	0	1	1	1	2	0
421	0	1	0	0	0	0	0	0	0	0	1	1	1	1	2	0	1	0	1	0	2
422	0	1	0	2	1	1	1	1	0	0	2	1	1	1	0	0	1	0	2	0	1
423	1	0	0	0	1	0	0	2	0	2	0	0	1	1	0	0	2	0	0	1	2
424	1	0	1	1	0	1	1	0	0	0	0	0	2	1	1	1	2	1	0	1	2
425	0	2	0	0	0	0	0	2	0	1	0	1	1	0	2	0	1	0	0	2	1
426	0	0	1	1	0	0	0	0	0	0	0	1	0	1	0	0	1	1	1	1	1
427	0	0	0	1	0	0	0	1	1	1	1	2	0	1	1	1	2	0	2	2	2
428	0	0	0	1	1	0	1	1	0	1	1	0	2	2	1	0	1	0	1	1	1
429	1	0	1	0	0	0	1	2	0	0	1	0	0	1	0	0	0	0	2	1	0
430	1	0	0	1	1	0	1	1	1	1	0	1	2	2	1	0	0	0	2	1	0
431	0	0	1	1	1	1	0	1	1	2	0	1	1	0	1	0	2	1	0	1	2
432	0	1	0	1	0	0	0	1	0	0	0	1	1	2	1	1	1	1	2	0	1
433	0	1	0	1	2	0	1	2	0	0	1	2	1	1	1	0	1	0	0	2	1
434	0	1	0	1	0	1	0	1	0	1	0	1	1	0	0	1	0	0	1	1	1
435	0	0	0	0	1	0	0	1	1	0	0	2	0	0	0	0	1	1	1	1	1
436	1	0	0	0	0	0	0	2	0	0	1	0	1	1	0	0	1	0	0	2	1
437	0	1	0	1	2	0	0	1	0	0	0	0	0	0	0	0	1	0	2	1	0
438	1	1	0	1	0	0	0	1	0	0	0	1	0	1	1	2	1	0	1	2	0
439	0	0	0	1	1	0	0	0	0	1	0	1	1	0	0	0	2	1	0	1	2
440	0	0	0	1	0	0	1	1	0	0	0	2	2	0	0	0	0	0	0	1	2
441	1	0	0	1	2	0	0	2	0	0	1	0	1	1	0	0	1	0	1	1	1
442	0	0	0	0	0	0	0	1	1	1	2	0	0	1	0	0	0	0	1	2	0
443	0	1	0	0	0	0	0	2	0	0	1	1	1	1	0	0	0	0	2	1	0
444	0	1	0	1	1	0	1	2	0	0	0	1	1	2	0	0	1	0	2	1	0
445	0	1	0	1	0	1	1	2	0	1	1	2	0	0	2	1	1	0	1	0	2
446	0	0	0	1	1	0	0	1	0	1	0	0	0	0	0	0	1	0	1	2	0
447	1	1	1	0	2	0	1	0	0	2	1	0	1	2	1	0	1	1	0	1	2
448	1	0	0	1	0	0	1	0	0	1	0	0	1	0	1	0	0	0	1	1	1
449	0	0	0	1	1	0	0	1	1	2	1	1	0	1	2	0	1	1	1	1	1
450	0	0	0	2	1	0	0	1	0	1	0	0	1	1	2	1	2	0	1	1	1
451	0	0	0	2	1	1	1	2	0	1	1	1	2	1	1	0	1	0	1	1	1
452	1	0	0	0	1	1	0	1	0	0	0	1	1	1	1	0	0	0	1	1	1
453	0	1	1	0	1	0	0	0	0	1	1	1	1	0	0	0	0	0	1	2	0
454	0	2	0	0	1	0	0	1	0	1	0	0	1	1	0	1	0	1	2	1	0
455	0	0	1	1	0	0	1	0	1	1	0	1	1	0	0	0	0	1	1	1	1
456	1	0	1	2	1	0	0	1	0	0	2	0	2	0	2	0	2	1	1	0	2
457	0	1	0	1	0	0	0	1	0	0	2	2	1	2	1	0	0	1	1	2	0
458	1	1	1	1	1	1	1	2	0	1	2	1	1	1	1	1	0	0	1	2	0
459	2	0	0	1	2	0	0	2	0	0	0	1	0	1	0	0	1	0	2	0	1
460	0	0	1	1	2	0	0	1	0	2	0	1	0	1	1	0	0	0	1	1	1
461	0	0	0	1	1	0	0	0	0	1	2	1	0	1	1	1	2	1	2	1	0
462	0	0	0	1	2	0	0	2	0	1	2	1	1	2	2	1	1	0	0	1	2
463	0	1	0	1	1	0	0	1	0	2	0	2	1	1	1	0	1	1	1	0	2
464	0	0	0	0	2	0	0	1	0	0	1	2	1	1	2	0	2	1	2	0	1
465	0	0	1	1	0	0	0	1	0	2	0	1	1	1	0	2	1	1	0	1	2
466	0	0	0	0	0	1	1	1	0	1	1	0	2	1	2	0	1	0	1	0	2
467	0	0	0	0	2	0	0	0	0	0	1	1	1	1	0	1	1	0	1	1	1
468	0	0	0	1	0	0	1	1	0	1	1	1	2	0	1	1	2	0	1	0	2
469	2	1	0	0	0	0	2	2	1	0	1	2	0	1	1	0	1	0	0	2	1
470	0	1	0	0	1	0	0	1	0	1	2	0	0	2	1	0	1	0	0	0	0
471	0	0	1	1	1	0	0	1	0	0	0	1	0	2	0	1	1	2	2	1	0
472	0	1	1	1	1	0	1	0	0	0	1	1	0	1	0	1	1	0	2	2	2
473	0	1	0	0	2	0	0	1	0	0	1	0	1	2	1	0	1	0	1	1	1
474	0	1	0	1	0	0	0	2	0	0	2	2	0	2	0	0	1	1	2	1	0
475	0	0	0	1	2	0	0	1	0	0	0	1	0	0	1	0	0	0	1	1	1
476	0	1	1	1	2	0	0	1	0	1	0	1	0	2	1	0	2	0	2	1	0
477	0	0	0	2	1	0	0	1	0	0	0	1	1	1	1	0	0	1	1	0	2
478	0	1	0	1	1	0	0	1	0	1	1	0	2	2	1	0	1	0	1	0	2
479	0	0	0	1	2	0	1	2	0	1	0	1	1	1	1	0	1	1	0	1	2
480	1	1	0	1	0	0	1	1	0	1	0	0	1	1	1	1	1	0	1	1	1
481	0	0	1	1	1	1	0	0	1	0	1	1	1	0	1	0	0	0	2	1	0
482	0	0	0	1	1	0	1	2	0	1	1	0	0	2	0	0	1	1	1	1	1
483	0	1	0	1	1	0	0	1	0	1	1	2	0	0	1	0	1	1	2	1	0
484	0	1	0	1	2	1	1	2	0	1	0	1	2	2	1	1	0	1	1	1	1
485	0	0	0	1	2	0	0	1	0	0	1	2	1	0	0	0	0	1	2	1	0
486	0	1	0	0	0	0	1	1	0	1	0	2	0	0	0	0	1	0	1	1	1
487	0	0	0	1	0	0	0	0	0	1	1	0	0	2	0	0	0	0	2	0	1
488	0	1	0	1	0	0	1	1	0	1	1	0	0	1	1	0	1	0	0	1	2
489	0	0	0	0	1	0	0	1	0	2	1	1	0	0	2	0	0	0	1	1	1
490	0	1	1	1	1	0	0	2	0	1	0	0	2	2	1	0	0	0	1	2	0
491	1	0	0	1	2	0	0	1	0	0	1	0	1	1	2	0	0	0	0	1	2
492	0	0	0	1	0	0	1	1	1	1	1	1	1	1	2	0	0	0	1	1	1
493	0	1	1	0	1	0	0	2	0	0	1	1	2	0	1	0	1	0	2	2	2
494	1	1	0	1	1	0	0	0	0	2	1	0	1	1	1	0	1	1	2	1	0
495	0	0	0	0	0	0	1	1	0	1	0	2	1	2	0	0	1	0	1	0	2
496	1	0	0	0	1	0	1	1	0	0	2	0	1	0	1	0	1	0	0	2	1
497	0	0	0	1	1	0	0	0	0	0	0	0	0	1	0	0	0	0	1	1	1
498	0	0	0	0	1	0	1	2	1	0	0	1	1	1	0	0	2	0	1	1	1
499	0	0	0	2	1	0	0	1	0	1	0	1	1	1	2	0	0	1	0	1	2
500	1	1	0	1	1	0	0	1	0	0	0	1	0	2	1	0	2	1	0	1	2
501	0	2	1	1	1	0	0	1	0	0	0	2	2	1	0	0	1	1	2	0	1
502	0	1	0	0	2	1	0	1	0	1	1	2	1	1	0	1	1	1	0	1	2
503	0	0	0	2	1	1	0	0	0	1	1	1	0	0	1	0	0	2	2	2	2
504	0	0	0	2	1	0	0	1	0	0	2	1	0	1	1	1	1	0	0	0	0
505	1	0	0	1	0	0	0	1	0	1	1	0	1	2	1	1	0	1	1	1	1
506	0	0	0	2	1	0	0	1	0	1	0	1	0	1	1	0	0	0	0	1	2
507	0	0	0	1	0	0	0	0	0	1	1	0	1	1	1	2	0	1	1	1	1
508	0	0	0	1	1	0	1	1	0	1	0	1	0	0	0	1	1	0	2	0	1
509	1	0	0	2	1	0	0	0	1	1	1	0	1	0	0	0	0	0	0	1	2
510	0	1	0	1	0	0	0	1	0	0	1	1	2	1	1	1	1	1	2	1	0
511	0	0	0	2	0	1	0	2	0	1	0	0	1	1	1	0	0	1	1	1	1
512	0	0	0	1	1	0	0	0	0	1	2	1	1	1	1	0	0	0	2	1	0
513	0	1	0	0	0	1	0	1	0	0	0	1	1	2	1	1	1	0	0	2	1
514	0	0	0	1	1	0	1	1	0	1	2	0	1	0	1	0	0	1	1	0	2
515	0	0	0	1	1	0	0	0	0	1	0	0	1	1	2	0	1	1	1	2	0
516	1	0	0	0	1	0	0	0	0	0	0	1	0	1	1	0	1	0	1	1	1
517	0	1	0	0	1	0	0	1	0	1	0	1	1	0	2	0	0	0	2	1	0
518	0	0	1	0	0	0	0	1	0	1	2	1	2	2	1	1	2	0	0	2	1
519	1	1	0	1	1	0	1	1	0	1	1	1	0	0	1	0	1	0	2	0	1
520	0	2	0	1	1	0	0	0	1	0	1	1	1	2	0	1	1	1	1	0	2
521	1	1	0	1	0	0	1	1	0	1	1	0	1	1	1	0	0	0	0	1	2
522	1	0	2	1	1	0	0	1	0	0	1	0	1	1	0	0	0	0	1	2	0
523	0	1	0	1	0	0	1	1	0	2	1	0	1	1	1	1	2	0	1	2	0
524	0	0	0	1	1	0	0	1	0	0	0	1	2	0	1	0	0	0	1	2	0
525	0	0	0	0	2	1	0	2	1	1	1	1	1	0	1	1	0	0	1	1	1
526	0	0	0	0	2	0	1	1	0	0	0	1	2	1	1	0	2	1	0	1	2
527	0	0	0	1	0	0	0	1	1	1	0	1	2	1	0	0	1	0	2	0	1
528	0	1	0	1	2	0	0	2	0	1	2	1	0	1	2	0	0	0	2	1	0
529	0	0	0	0	2	0	0	1	0	0	1	1	0	2	2	0	0	1	0	0	0
530	1	2	0	2	0	0	1	2	1	0	1	2	0	1	1	0	1	1	1	2	0
531	0	0	0	1	0	0	0	1	0	1	2	0	0	1	1	0	0	1	0	2	1
532	0	0	0	1	0	0	0	0	0	1	0	0	0	0	1	0	2	0	0	2	1
533	0	0	0	2	0	0	0	2	0	1	2	1	0	1	1	1	1	1	1	1	1
534	0	0	0	1	0	0	0	2	1	1	0	0	0	0	2	0	0	1	2	1	0
535	1	0	0	2	1	0	0	1	0	0	1	2	1	0	0	1	0	0	1	1	1
536	0	1	0	0	1	0	0	1	1	1	0	0	0	1	1	2	1	0	1	1	1
537	0	0	0	1	1	0	0	1	0	1	0	1	1	0	1	1	1	0	0	0	0
538	0	0	0	2	1	0	1	1	0	2	0	1	1	2	0	0	0	0	1	1	1
539	0	1	0	0	1	0	1	1	0	0	1	2	1	2	1	0	0	0	2	1	0
540	0	0	0	1	1	0	1	0	0	0	0	1	0	0	1	0	1	0	0	0	0
541	0	0	0	1	0	0	1	1	0	1	1	1	1	1	1	2	0	0	1	1	1
542	0	0	0	2	1	0	0	2	0	0	0	1	0	1	1	0	0	1	2	1	0
543	1	0	0	1	0	0	0	1	0	1	0	1	1	0	1	0	2	0	0	1	2
544	1	0	0	1	1	0	1	2	0	0	0	1	1	1	0	0	1	0	1	2	0
545	0	0	0	1	1	1	1	2	1	1	2	2	1	1	2	0	0	0	1	1	1
546	0	0	0	1	2	0	1	1	0	1	0	1	2	2	0	0	1	1	2	0	1
547	1	0	1	0	1	0	0	1	1	1	0	2	0	1	1	0	1	0	1	0	2
548	1	0	0	1	1	1	0	1	1	1	2	2	1	0	0	1	0	0	2	0	1
549	0	1	0	2	0	0	0	2	0	1	1	2	0	1	0	0	0	0	1	2	0
550	0	0	0	1	1	0	1	1	0	1	0	0	0	1	1	1	1	2	0	0	0
551	0	1	0	1	2	0	0	0	0	1	0	1	1	1	2	2	0	0	1	1	1
552	0	0	0	1	1	0	0	0	0	1	1	2	1	1	0	1	1	0	2	1	0
553	1	0	0	0	1	0	0	0	0	0	1	1	0	0	0	0	0	0	1	1	1
554	0	0	1	1	1	0	0	1	0	0	1	0	1	0	1	0	1	0	1	1	1
555	0	0	0	2	0	0	0	1	0	1	1	1	1	1	1	0	0	0	2	1	0
556	0	0	0	0	0	0	0	1	0	0	1	1	0	2	1	1	0	0	1	1	1
557	0	0	1	2	1	0	1	2	0	0	0	0	0	2	1	0	1	0	1	2	0
558	0	0	0	1	0	0	0	1	0	0	0	1	0	1	1	0	1	0	2	1	0
559	0	0	0	1	1	0	0	0	0	0	0	0	1	0	0	0	0	0	1	1	1
560	0	1	0	1	1	0	0	1	0	1	0	2	0	2	1	1	1	0	0	2	1
561	0	0	0	1	0	0	0	0	0	1	0	0	0	2	0	0	1	0	0	2	1
562	1	0	0	2	1	0	1	1	0	1	2	1	1	0	1	0	0	1	2	1	0
563	0	0	0	0	1	0	0	1	0	0	0	0	0	0	1	0	2	0	0	1	2
564	0	0	1	1	2	0	0	2	0	0	0	0	0	2	1	0	0	0	2	1	0
565	0	0	0	0	1	0	0	0	0	0	0	1	1	1	0	0	2	0	0	0	0
566	0	1	0	0	0	0	0	0	0	0	1	1	0	1	1	0	1	0	1	1	1
567	0	0	0	0	1	0	0	1	0	1	1	0	0	1	2	0	0	0	1	1	1
568	0	1	1	0	0	0	0	1	1	0	0	2	0	1	0	0	0	0	2	0	1
569	0	0	0	2	0	1	1	1	0	1	1	2	0	1	1	0	0	0	1	0	2
570	0	0	0	1	1	0	1	0	0	1	0	2	0	2	1	1	1	1	1	2	0
571	0	1	0	0	1	0	1	1	0	0	2	2	0	0	1	0	1	0	0	2	1
572	1	0	1	0	0	0	1	2	1	1	0	1	1	1	0	0	0	1	2	0	1
573	0	0	1	1	0	0	0	0	0	2	0	0	0	0	1	0	0	1	2	2	2
574	0	0	1	2	2	0	1	1	0	1	0	0	2	0	2	1	0	1	0	1	2
575	0	1	0	1	1	0	0	1	0	0	0	1	1	1	1	0	1	0	1	1	1
576	0	0	1	1	2	0	0	1	0	0	1	2	0	1	1	0	1	0	0	0	0
577	1	1	0	1	2	0	0	1	0	1	0	2	0	0	0	0	1	1	1	2	0
578	0	0	0	2	0	0	0	1	1	0	1	2	0	2	1	0	1	0	2	0	1
579	0	0	0	0	1	0	0	1	0	1	1	1	2	0	1	2	0	0	1	0	2
580	1	0	0	0	1	0	1	1	0	1	2	1	1	1	0	0	0	0	1	1	1
581	1	1	0	1	0	0	1	1	0	1	1	2	1	1	1	1	0	0	1	1	1
582	0	0	0	1	0	0	0	1	1	0	1	1	1	1	0	1	0	0	1	0	2
583	0	0	0	1	1	0	0	2	0	1	0	1	1	0	1	1	1	1	0	2	1
584	1	1	0	0	0	0	0	0	1	1	1	1	2	0	1	0	1	0	1	0	2
585	0	0	0	1	1	0	1	1	1	1	0	0	1	1	1	0	1	1	2	1	0
586	0	1	0	1	0	1	0	0	0	1	0	0	0	0	0	0	1	0	2	0	1
587	1	0	1	1	0	0	1	1	0	1	1	2	1	0	0	0	2	0	2	0	1
588	0	1	1	1	1	0	1	2	0	0	0	1	1	1	0	0	0	0	1	2	0
589	0	1	0	1	2	0	0	0	0	1	0	2	1	0	1	1	1	0	0	0	0
590	0	2	0	1	2	1	0	1	0	1	0	0	2	0	0	1	1	1	0	2	1
591	1	0	0	0	1	0	0	0	0	1	1	0	1	1	2	0	0	0	0	1	2
592	0	1	0	1	1	0	0	2	0	0	1	2	1	1	1	0	2	0	0	2	1
593	1	0	0	0	1	0	0	2	0	1	1	0	2	0	1	0	1	1	0	2	1
594	0	1	0	0	1	0	1	2	0	0	1	0	0	1	2	0	1	1	2	1	0
595	0	0	0	1	2	0	1	2	0	0	2	1	0	0	1	1	2	0	2	1	0
596	0	0	0	0	2	0	0	1	0	0	1	2	1	1	0	0	0	0	2	1	0
597	0	1	0	1	2	1	0	0	0	1	1	1	1	1	1	0	1	0	1	1	1
598	0	1	0	0	1	0	1	2	0	0	0	1	1	1	1	0	2	0	1	1	1
599	0	1	1	1	1	0	0	1	0	0	2	0	1	0	0	0	0	0	0	2	1
600	1	0	1	0	1	0	1	2	0	0	0	1	2	1	1	1	0	0	1	1	1
601	0	0	0	1	1	0	0	1	0	0	0	1	1	0	0	0	0	0	0	1	2
602	0	1	0	0	0	0	1	1	1	1	1	1	0	0	1	1	1	1	1	1	1
603	0	0	0	1	1	0	0	0	0	1	2	0	0	1	0	0	0	0	1	2	0
604	0	1	0	0	1	0	1	1	0	0	0	1	0	0	2	0	0	0	2	0	1
605	0	1	1	1	1	1	0	2	0	0	0	0	1	1	1	1	1	0	1	2	0
606	0	0	0	1	0	0	0	1	0	0	0	0	1	0	0	1	0	0	2	1	0
607	0	1	0	1	0	0	0	0	0	0	1	1	1	1	1	0	0	1	1	2	0
608	0	0	1	2	1	0	0	0	0	0	1	1	1	1	1	1	0	0	1	1	1
609	1	0	1	1	2	0	1	2	0	1	1	1	1	0	0	0	0	0	1	2	0
610	0	1	0	1	1	0	0	1	0	2	0	1	1	0	1	1	2	0	2	2	2
611	0	1	1	1	2	0	1	1	0	0	0	1	1	0	1	0	0	0	1	1	1
612	0	1	0	0	0	0	0	2	1	0	1	0	0	1	0	0	2	0	2	2	2
613	0	1	0	1	2	2	0	1	0	1	1	1	1	1	0	1	0	0	2	0	1
614	0	0	0	1	0	0	1	0	0	1	1	1	0	1	0	0	1	1	1	1	1
615	0	1	1	0	0	1	1	1	1	0	0	1	1	2	1	0	0	0	1	0	2
616	0	0	0	2	1	0	2	1	0	2	0	2	1	0	0	0	0	0	1	1	1
617	0	0	0	0	0	0	1	2	0	0	0	2	1	1	1	0	1	0	2	2	2
618	0	0	0	0	2	0	1	1	0	1	0	2	2	0	1	0	1	0	0	0	0
619	0	0	0	1	2	0	0	1	0	1	1	1	1	2	1	0	1	1	1	1	1
620	0	1	0	2	1	0	1	2	0	0	0	2	1	2	0	0	1	0	0	1	2
621	1	0	0	1	1	0	1	1	0	0	2	1	1	1	2	0	0	0	2	1	0
622	0	0	0	0	1	0	1	0	0	0	0	0	1	1	2	1	1	0	1	2	0
623	0	1	1	0	2	0	1	1	0	2	0	1	2	2	1	0	0	0	0	2	1
624	0	1	1	1	1	1	0	1	0	0	1	1	2	1	0	0	1	0	0	1	2
625	1	0	0	1	1	0	0	2	0	1	1	0	2	0	2	0	0	0	1	0	2
626	0	0	0	1	2	0	0	1	0	0	0	2	1	1	0	0	0	1	1	2	0
627	0	0	0	0	1	0	1	2	0	0	0	1	0	2	0	0	1	1	2	1	0
628	0	0	1	1	1	0	0	1	1	1	0	0	2	2	0	1	0	0	0	1	2
629	0	1	0	1	2	0	0	1	0	1	0	2	2	1	0	0	1	1	1	2	0
630	0	0	0	0	1	0	0	1	0	1	0	2	1	1	1	1	1	1	1	0	2
631	0	0	0	0	0	0	0	1	0	1	1	0	0	1	1	1	0	0	1	1	1
632	0	0	0	0	2	1	0	1	0	0	2	0	0	1	1	0	1	0	1	0	2
633	0	0	0	1	1	0	0	2	0	1	1	2	1	1	1	0	0	1	1	0	2
634	0	0	0	0	2	0	1	2	0	1	0	0	0	1	0	0	1	1	0	2	1
635	0	2	0	1	1	0	1	0	0	0	1	0	1	0	2	0	0	0	0	2	1
636	1	0	0	2	0	0	1	1	0	0	0	2	1	1	1	0	1	0	2	1	0
637	0	1	0	2	1	0	1	2	0	0	0	1	2	1	1	1	2	0	1	2	0
638	0	0	0	0	1	1	0	0	0	1	2	1	0	1	1	0	1	1	0	1	2
639	0	0	0	1	0	1	2	1	0	1	1	0	0	1	2	0	0	0	1	0	2
640	0	1	0	2	1	0	0	0	0	0	0	0	1	1	0	0	0	0	2	0	1
641	0	0	0	1	0	0	2	0	0	1	1	1	1	1	0	0	0	0	1	1	1
642	0	0	0	1	1	0	0	1	1	1	0	0	0	2	0	0	0	0	1	1	1
643	0	0	0	0	0	0	0	0	0	1	1	1	0	1	1	0	1	0	0	2	1
644	0	0	0	1	0	0	1	0	0	1	1	2	0	0	2	0	0	1	2	1	0
645	0	0	0	2	1	0	0	1	0	2	0	1	2	1	1	0	2	0	1	2	0
646	0	2	0	0	1	0	0	2	0	1	1	2	1	0	1	0	0	0	1	1	1
647	0	0	0	2	1	1	0	1	0	1	0	0	1	1	1	0	1	0	0	0	0
648	0	0	0	1	1	0	0	1	0	2	1	1	0	0	1	0	0	0	0	2	1
649	0	0	0	1	1	0	0	2	0	0	2	1	2	2	0	1	0	1	2	0	1
650	0	0	0	1	1	0	1	1	0	0	0	0	1	1	0	0	2	1	2	0	1
651	0	0	0	1	0	0	1	1	0	0	1	2	1	1	1	0	1	1	1	0	2
652	0	1	1	1	1	0	1	1	0	0	2	1	0	2	0	0	0	0	0	1	2
653	0	2	1	1	1	0	0	2	0	0	2	2	1	2	1	0	1	0	0	2	1
654	0	2	0	0	0	0	1	2	0	1	1	1	0	0	2	0	2	2	2	2	2
655	0	1	0	1	2	0	0	1	0	1	0	0	0	1	0	1	2	0	2	1	0
656	0	0	0	1	1	0	0	1	0	0	1	1	1	1	1	0	0	0	2	1	0
657	0	0	0	1	0	0	0	1	0	0	1	2	0	0	0	1	0	1	1	2	0
658	0	2	0	2	1	0	2	0	1	0	1	1	0	1	0	0	1	1	2	1	0
659	1	1	0	1	1	0	0	1	0	0	1	1	1	2	2	0	1	0	1	1	1
660	0	0	1	0	0	0	1	1	1	0	1	0	2	1	2	0	2	0	0	1	2
661	1	0	1	1	1	0	1	1	0	2	0	2	1	0	1	0	0	0	2	1	0
662	0	0	1	1	2	0	0	1	0	0	0	1	0	0	1	0	1	2	1	2	0
663	0	1	0	0	0	0	1	2	0	0	1	0	0	0	1	0	1	1	2	0	1
664	0	1	0	0	0	0	0	1	0	0	2	2	0	0	1	0	0	0	1	2	0
665	1	1	0	2	1	0	0	1	0	1	1	1	1	1	1	0	1	1	1	1	1
666	0	0	1	1	1	0	0	0	0	1	1	1	2	1	1	0	0	1	1	1	1
667	0	0	0	1	2	0	0	1	0	1	1	1	1	0	0	0	2	0	0	1	2
668	0	1	1	1	1	0	0	1	0	1	2	2	1	0	1	0	1	0	2	1	0
669	0	0	1	1	0	0	1	0	0	0	1	0	0	1	1	0	1	0	1	0	2
670	0	1	0	1	1	0	1	1	0	1	2	1	0	1	0	0	1	1	0	2	1
671	0	0	0	1	1	0	0	2	0	1	0	1	1	0	1	0	0	0	1	2	0
672	0	0	1	1	1	0	0	2	0	0	0	2	1	1	0	0	0	0	1	1	1
673	0	0	1	1	1	0	0	1	0	1	0	2	1	1	0	0	1	0	2	2	2
674	0	1	1	0	1	0	1	0	0	0	1	1	1	2	0	0	0	0	1	0	2
675	0	0	0	1	0	1	1	0	0	1	1	2	0	0	1	0	1	0	2	1	0
676	0	1	0	0	1	0	0	1	0	1	1	1	1	2	0	0	0	0	0	1	2
677	0	0	0	1	1	0	0	1	0	1	1	0	0	0	1	0	0	1	1	0	2
678	1	1	0	0	0	0	0	1	0	1	1	0	2	1	1	0	0	0	2	1	0
679	0	1	1	0	1	0	0	1	0	1	1	0	0	0	1	1	2	0	2	1	0
680	0	0	1	0	2	0	0	2	0	1	0	1	2	0	2	0	1	0	1	2	0
681	0	0	0	1	1	0	0	2	0	1	0	1	0	0	1	0	1	1	2	2	2
682	0	0	2	2	2	0	0	1	0	1	1	1	1	1	1	0	2	0	0	0	0
683	0	1	0	1	1	0	2	1	1	0	1	1	2	1	0	1	0	1	1	1	1
684	1	1	0	1	1	1	0	1	0	0	0	1	1	0	2	0	1	0	1	1	1
685	0	0	1	1	1	0	0	1	0	0	1	1	0	1	0	1	1	0	1	0	2
686	1	0	0	1	0	1	1	2	1	1	1	0	0	1	1	0	0	1	0	0	0
687	0	1	1	1	2	0	1	1	0	0	1	1	1	2	2	0	1	1	0	2	1
688	0	0	0	1	2	0	1	2	0	1	0	1	0	2	1	0	0	1	2	1	0
689	0	0	0	2	1	1	0	1	0	0	1	0	1	2	1	0	1	0	0	0	0
690	0	0	1	1	0	0	0	1	0	2	0	1	0	0	1	0	1	1	0	0	0
691	0	0	0	1	1	0	0	1	0	1	1	0	0	1	1	0	0	0	1	2	0
692	0	1	0	1	1	0	0	2	0	1	1	1	0	1	1	0	0	0	1	2	0
693	0	1	0	1	0	0	0	1	0	0	2	0	0	0	0	1	1	0	0	2	1
694	0	0	0	1	1	0	1	0	0	0	0	1	2	0	0	1	1	0	1	2	0
695	0	0	0	2	1	0	0	1	0	0	1	1	0	0	2	0	2	1	2	0	1
696	0	1	1	1	2	0	0	2	0	2	1	0	1	1	0	0	1	1	0	2	1
697	0	0	0	1	0	0	0	1	0	1	2	1	1	1	1	0	1	0	1	1	1
698	0	0	0	1	0	1	0	2	0	0	1	1	1	1	1	0	1	1	2	0	1
699	0	1	1	1	0	1	1	0	0	0	1	2	0	1	0	0	0	0	1	1	1
700	0	2	0	2	0	0	0	0	0	0	0	1	1	0	0	0	0	0	2	1	0
701	0	1	1	0	2	0	0	1	0	1	0	2	1	1	0	0	2	0	2	1	0
702	0	0	0	0	0	1	0	1	0	0	0	1	0	0	0	0	0	1	1	2	0
703	0	1	0	0	1	0	0	2	0	1	1	2	1	1	1	0	0	0	2	1	0
704	0	0	0	1	1	0	1	2	1	0	0	1	0	0	0	1	0	0	1	1	1
705	0	1	0	0	1	0	0	1	0	1	0	1	0	1	1	1	1	0	2	1	0
706	0	0	0	2	0	0	1	1	0	1	0	1	1	0	1	0	1	0	1	1	1
707	0	1	0	2	1	0	0	1	0	0	0	0	1	0	1	0	1	0	0	1	2
708	0	0	0	2	2	0	0	0	0	0	1	1	1	1	1	0	1	0	2	0	1
709	0	0	0	1	0	1	0	0	0	1	2	1	0	1	1	0	1	1	1	1	1
710	0	1	1	1	1	1	0	2	0	0	2	0	1	0	2	1	2	0	1	1	1
711	0	0	0	0	1	1	0	2	0	1	1	2	1	2	0	0	0	0	2	1	0
712	0	2	0	2	0	1	1	1	0	0	1	0	0	0	1	0	1	0	1	2	0
713	0	0	0	1	0	0	0	1	0	1	0	0	1	1	1	0	1	0	1	1	1
714	0	0	0	2	1	0	1	1	0	1	1	1	0	1	1	0	1	2	0	0	0
715	0	0	0	1	1	0	0	0	0	0	0	2	1	1	2	0	1	1	2	1	0
716	0	1	1	1	0	1	0	1	0	2	0	2	2	1	1	1	0	0	0	1	2
717	0	0	1	1	1	0	0	2	0	0	1	0	1	0	2	1	1	0	0	1	2
718	1	1	0	1	1	0	0	1	0	1	1	0	1	2	2	0	0	0	1	0	2
719	0	1	0	1	2	0	1	1	0	1	1	2	0	2	0	0	1	0	1	2	0
720	1	0	0	0	0	1	1	1	0	1	1	1	1	2	1	1	0	1	2	0	1
721	0	0	0	0	1	0	0	1	0	1	1	1	1	0	0	1	1	0	0	2	1
722	0	0	0	0	1	0	1	1	0	2	2	2	0	2	0	0	0	0	1	1	1
723	1	1	1	2	2	0	0	1	1	1	0	1	0	0	1	0	1	0	2	1	0
724	0	0	0	0	1	0	0	2	0	1	1	2	0	0	1	0	1	0	1	1	1
725	0	0	1	1	0	0	0	2	0	1	0	1	0	0	1	0	1	0	2	1	0
726	0	0	0	0	2	0	0	1	0	0	2	0	0	1	2	0	0	1	0	1	2
727	1	1	0	1	1	0	0	0	0	1	2	2	0	2	1	0	0	1	1	2	0
728	0	1	0	0	0	1	0	1	0	0	0	0	1	0	1	0	0	1	2	1	0
729	0	0	1	0	1	0	0	1	0	1	0	1	1	0	1	0	1	1	1	1	1
730	0	0	0	2	0	0	0	1	1	1	1	1	0	2	0	1	0	0	2	1	0
731	0	0	0	2	2	0	0	2	0	1	1	2	2	0	0	1	0	0	1	1	1
732	0	0	0	0	1	0	1	0	0	0	1	2	0	0	1	0	1	1	0	2	1
733	1	1	0	0	1	0	0	1	0	0	0	1	1	1	1	0	1	1	0	1	2
734	0	0	0	0	0	0	0	2	0	0	1	1	0	0	1	0	1	0	1	2	0
735	0	0	0	0	1	0	0	1	0	0	1	1	2	2	2	0	0	0	2	0	1
736	0	0	0	0	1	0	0	1	0	0	1	1	1	0	0	0	1	0	0	2	1
737	0	1	0	1	1	0	0	1	1	1	0	0	1	1	1	0	0	0	1	0	2
738	0	2	1	0	2	0	1	1	0	0	0	1	0	2	0	1	1	0	1	0	2
739	0	0	0	1	0	0	1	2	0	0	0	1	2	0	0	0	1	2	1	1	1
740	0	1	0	1	2	0	0	1	0	0	0	1	1	0	1	0	1	0	2	1	0
741	0	0	0	1	0	0	0	1	0	1	1	1	1	1	0	1	1	1	1	1	1
742	0	1	0	0	1	0	0	1	0	0	0	1	0	1	1	0	1	1	0	1	2
743	0	1	0	1	1	1	0	1	0	0	0	1	1	1	1	1	1	0	2	1	0
744	1	1	0	2	1	0	0	2	0	0	1	0	0	1	2	0	1	0	2	0	1
745	0	0	0	0	1	0	0	1	0	0	2	2	1	1	1	0	1	0	0	1	2
746	1	1	0	1	0	0	0	0	0	1	1	2	1	2	2	0	0	0	1	1	1
747	1	1	0	0	2	0	0	2	0	0	1	1	1	0	2	0	1	0	1	2	0
748	0	1	1	0	2	0	0	2	1	0	1	1	2	2	1	0	0	1	1	0	2
749	1	0	0	0	0	0	0	1	1	1	1	2	0	2	0	0	0	0	0	0	0
750	1	0	1	1	1	0	0	0	0	0	0	0	0	1	1	0	1	0	1	0	2
751	0	0	0	1	1	0	0	1	0	1	2	1	1	1	1	0	1	0	1	2	0
752	1	0	0	1	1	0	0	1	0	0	1	0	0	1	0	0	1	0	0	1	2
753	1	0	1	1	1	0	0	2	0	1	1	1	1	1	0	1	1	0	1	2	0
754	0	0	0	0	1	0	1	0	0	0	1	0	1	0	1	0	1	0	0	1	2
755	0	0	0	0	1	0	0	2	0	0	2	1	0	1	1	0	1	0	1	1	1
756	0	0	0	1	1	0	0	1	0	1	1	1	0	2	1	0	2	0	2	1	0
757	0	0	0	1	1	0	2	1	0	0	0	2	2	1	2	0	0	0	1	0	2
758	0	0	0	2	1	0	2	2	0	0	1	1	2	1	0	1	0	0	0	2	1
759	0	0	0	1	1	0	0	1	0	1	1	1	0	1	1	0	0	1	2	1	0
760	0	0	0	1	1	0	2	0	0	0	0	1	0	1	1	1	0	0	1	1	1
761	0	0	0	1	1	1	0	0	0	1	0	1	0	1	0	0	0	0	2	0	1
762	1	0	0	0	2	0	0	1	0	0	0	1	1	1	1	0	1	0	2	1	0
763	0	1	0	2	1	0	0	2	0	0	1	0	1	0	1	0	0	1	1	1	1
764	0	0	0	1	1	0	1	2	1	0	1	2	1	0	2	0	0	1	1	1	1
765	1	0	0	1	2	0	0	0	0	1	1	0	1	2	0	0	1	1	1	0	2
766	0	0	2	1	1	0	0	2	0	0	1	0	2	1	1	0	2	0	1	1	1
767	0	1	0	0	1	1	0	1	1	0	0	1	1	1	2	0	1	0	2	2	2
768	0	1	1	0	0	0	1	0	0	0	1	2	0	0	1	0	0	1	0	0	0
769	0	0	0	1	0	0	1	2	0	1	0	1	0	1	1	0	2	1	2	2	2
770	0	0	0	1	0	0	0	0	0	1	2	0	2	1	0	0	1	1	1	2	0
771	0	0	0	2	0	0	1	0	0	1	0	1	1	1	2	0	1	1	2	2	2
772	1	0	0	1	1	0	1	1	0	0	2	2	1	1	0	0	1	1	2	2	2
773	1	0	0	2	2	0	0	1	0	0	0	1	0	2	0	0	1	0	2	1	0
774	0	0	0	1	2	0	0	1	0	0	1	1	2	0	1	1	2	0	2	2	2
775	0	0	0	1	1	0	0	0	0	2	0	0	1	1	0	0	1	0	2	1	0
776	0	0	0	2	0	0	1	1	0	1	0	1	0	0	1	0	2	0	1	0	2
777	1	1	0	0	1	0	1	2	0	0	0	1	1	0	0	1	1	0	1	2	0
778	0	1	0	1	1	0	0	1	0	0	0	2	0	1	0	0	2	1	1	1	1
779	0	1	1	2	1	0	1	2	0	1	0	0	0	1	1	0	1	0	1	1	1
780	1	1	0	0	2	0	0	2	0	0	1	2	1	1	1	0	0	0	1	2	0
781	0	0	0	2	1	0	0	1	0	0	0	1	2	2	2	0	2	0	1	1	1
782	1	0	1	1	1	0	0	1	1	1	0	0	1	1	0	0	2	0	1	0	2
783	1	0	0	1	2	1	0	0	0	0	1	2	1	2	1	0	2	0	1	0	2
784	0	0	0	0	2	0	0	1	0	1	1	0	2	2	0	0	1	0	1	2	0
785	2	0	1	1	0	0	0	1	0	0	1	1	2	2	0	1	0	2	2	0	1
786	0	0	0	0	2	0	0	1	0	1	1	1	2	1	2	1	1	0	2	2	2
787	0	0	0	1	0	0	1	2	0	1	1	1	2	1	1	0	1	0	2	0	1
788	0	0	0	1	1	0	0	2	0	0	0	0	1	2	0	0	2	0	2	0	1
789	0	0	0	0	1	0	0	2	0	1	0	1	0	1	1	0	0	1	2	0	1
790	1	0	1	0	2	0	0	0	0	1	0	0	1	0	1	1	0	1	2	0	1
791	1	0	2	1	1	0	1	0	0	0	1	1	1	1	0	0	1	0	1	1	1
792	0	0	0	1	2	1	0	0	0	0	1	2	2	1	1	0	0	0	1	1	1
793	0	0	0	0	1	0	0	0	0	1	1	0	1	1	1	0	0	1	1	1	1
794	0	0	0	1	1	1	0	2	0	1	1	1	1	2	0	1	1	0	1	1	1
795	0	0	1	2	1	0	0	1	0	0	0	1	2	0	0	0	0	1	2	1	0
796	1	1	0	2	2	1	0	1	0	0	1	1	1	0	0	0	0	1	2	0	1
797	0	0	0	2	0	0	0	1	0	1	1	0	2	0	2	0	2	1	2	1	0
798	0	0	0	0	2	0	0	0	0	0	0	1	1	1	1	0	0	0	2	2	2
799	1	1	0	2	2	0	1	1	0	0	1	0	0	0	1	0	0	0	0	1	2
800	0	1	1	2	0	0	0	1	0	1	1	1	1	2	0	0	0	0	0	1	2
801	0	0	0	0	0	0	1	1	0	1	0	1	0	0	2	1	0	0	2	0	1
802	0	0	0	2	1	0	1	0	0	1	0	1	2	1	1	0	1	1	1	0	2
803	0	1	0	0	2	0	0	1	0	1	0	0	1	1	2	0	0	1	1	1	1
804	0	0	0	2	1	1	2	0	0	0	2	1	1	1	0	0	0	0	1	2	0
805	0	0	2	2	1	0	0	0	0	0	1	0	0	1	0	0	1	0	0	1	2
806	0	0	0	1	1	0	0	1	0	1	1	1	1	2	0	0	1	1	2	1	0
807	0	0	1	1	2	1	1	2	0	0	1	1	0	0	1	1	1	0	1	0	2
808	0	1	0	2	1	0	0	1	0	1	2	0	1	0	1	0	0	0	0	1	2
809	0	1	1	1	1	0	0	2	0	0	2	1	0	1	0	0	0	1	0	0	0
810	0	0	0	0	1	0	1	1	0	1	1	0	0	1	1	0	0	1	1	1	1
811	0	0	0	1	1	0	0	1	0	1	1	0	0	2	0	0	0	0	0	2	1
812	0	0	0	1	2	0	0	1	0	0	0	1	0	1	0	0	0	1	1	0	2
813	1	1	0	2	0	0	1	1	1	0	1	2	1	1	1	0	1	0	1	1	1
814	0	0	0	2	1	0	0	1	0	0	1	0	2	1	0	0	1	0	0	2	1
815	0	0	0	0	1	0	0	1	0	0	1	1	0	2	1	0	2	0	0	1	2
816	0	1	0	1	0	0	0	2	0	1	2	0	1	2	1	0	0	0	1	2	0
817	1	1	0	1	0	0	1	2	0	0	1	1	0	2	2	0	1	0	1	1	1
818	0	0	0	0	2	0	0	0	0	0	2	2	0	0	1	0	0	0	2	1	0
819	0	0	0	1	2	0	1	2	1	0	0	0	2	1	1	1	1	0	1	2	0
820	0	0	0	2	2	0	0	1	0	0	1	1	0	1	2	0	2	1	2	0	1
821	0	1	0	1	2	0	0	0	0	0	1	1	2	0	2	0	0	0	1	0	2
822	0	0	0	0	2	0	1	2	0	0	1	1	0	2	1	0	1	1	1	1	1
823	0	1	0	1	0	1	0	1	0	1	0	1	0	0	0	0	0	0	1	2	0
824	0	0	0	0	1	0	1	1	0	1	0	1	0	0	1	0	0	0	0	1	2
825	0	1	0	1	2	0	1	1	0	1	1	1	2	1	1	0	1	0	0	2	1
826	1	0	0	0	1	0	0	1	0	0	0	1	1	1	2	2	0	0	1	2	0
827	0	0	0	1	1	0	0	1	1	1	1	1	0	2	0	0	0	0	1	1	1
828	0	2	1	0	1	1	1	1	0	1	1	2	1	1	0	1	1	0	1	0	2
829	0	0	0	1	0	0	1	1	1	0	0	2	0	1	0	0	0	0	1	0	2
830	0	1	0	1	0	0	0	2	0	0	1	1	0	1	2	0	0	0	0	0	0
831	0	0	0	1	0	0	0	0	0	0	0	0	2	1	2	0	0	1	1	0	2
832	0	0	0	1	0	1	1	2	0	2	1	1	1	1	1	0	1	1	2	1	0
833	0	1	0	1	2	0	1	1	0	1	2	0	0	0	0	0	2	0	1	0	2
834	0	1	0	1	2	0	0	0	0	0	0	2	1	1	0	0	0	0	0	1	2
835	0	1	0	1	1	0	0	0	0	1	0	1	1	0	1	1	1	1	1	0	2
836	0	0	0	2	0	0	1	0	0	0	0	1	1	0	0	1	0	1	1	1	1
837	0	0	0	1	0	0	1	1	0	0	0	1	1	2	0	0	0	0	1	2	0
838	0	1	1	1	0	0	0	1	0	1	1	1	1	2	1	0	2	0	1	2	0
839	0	2	0	2	0	0	0	0	1	1	1	1	1	1	2	0	0	0	1	2	0
840	0	0	1	1	1	0	0	2	0	1	1	2	0	1	1	0	2	1	1	1	1
841	0	2	1	1	0	0	0	1	0	1	1	2	2	1	1	0	1	1	1	1	1
842	1	0	0	2	2	0	0	2	1	1	0	1	1	1	0	1	0	0	0	0	0
843	0	0	0	1	0	0	1	1	1	0	1	1	0	1	0	0	0	1	0	2	1
844	2	1	1	2	0	2	0	0	0	1	1	2	2	1	1	0	0	0	1	0	2
845	0	0	0	0	1	0	0	1	0	0	0	1	1	1	1	1	1	0	1	1	1
846	0	0	0	1	1	0	0	1	0	1	0	1	2	1	1	1	1	0	0	1	2
847	0	1	0	0	0	0	1	1	0	0	1	1	2	1	1	0	0	0	1	0	2
848	0	1	0	0	1	0	0	2	0	1	1	2	0	0	0	2	1	0	1	0	2
849	0	1	0	0	2	0	1	1	0	0	0	2	2	1	1	0	0	1	1	2	0
850	0	1	0	0	0	0	0	2	0	1	1	2	1	1	0	1	0	0	2	1	0
851	0	1	0	1	0	1	0	2	0	1	1	0	0	0	0	1	1	1	0	2	1
852	1	0	1	0	0	1	0	1	1	0	0	1	1	0	0	0	0	0	2	0	1
853	0	0	0	0	1	0	1	2	1	2	0	1	0	1	1	0	0	0	1	0	2
854	0	1	0	1	0	0	0	1	0	0	0	2	0	0	0	0	0	0	2	0	1
855	0	1	0	1	1	0	0	1	0	0	1	1	1	1	0	0	1	0	1	0	2
856	1	0	0	1	1	0	0	0	0	0	2	1	2	1	0	1	0	1	1	1	1
857	0	1	0	0	0	1	1	1	0	1	1	1	0	0	0	1	1	0	1	2	0
858	0	0	0	1	1	1	0	0	0	0	2	1	0	1	1	1	0	2	0	1	2
859	0	1	0	2	2	0	1	1	0	0	0	1	1	1	2	0	0	0	0	1	2
860	0	0	1	1	0	0	2	2	0	1	1	1	1	2	0	0	2	1	1	1	1
861	0	0	0	0	1	0	0	2	0	1	0	2	1	1	0	0	0	1	1	2	0
862	0	0	0	1	2	0	1	1	0	1	1	1	1	1	2	0	0	0	1	2	0
863	0	0	0	1	0	0	1	1	0	0	1	2	0	0	1	0	2	0	1	2	0
864	0	0	0	0	2	0	1	2	0	1	1	1	0	1	1	0	0	0	1	1	1
865	2	0	0	0	2	0	1	1	0	0	1	1	1	1	0	0	0	0	0	1	2
866	0	0	1	1	0	1	0	2	0	2	0	0	0	1	0	0	0	0	2	1	0
867	0	1	0	0	1	0	0	1	1	1	0	2	1	2	1	0	1	1	0	1	2
868	0	1	0	1	1	0	0	1	0	2	1	0	0	2	0	2	0	1	1	0	2
869	0	1	0	1	2	0	0	0	0	0	0	1	0	1	0	0	1	0	0	1	2
870	0	1	0	2	0	0	0	1	0	0	0	1	2	0	0	0	0	0	2	1	0
871	0	0	0	1	2	0	0	1	0	0	0	1	1	1	0	1	0	0	0	0	0
872	0	0	0	1	0	0	0	2	0	0	0	2	1	2	1	0	1	0	1	1	1
873	1	0	0	1	0	0	0	0	0	0	1	0	0	0	1	0	0	1	2	2	2
874	1	0	0	1	1	0	0	2	0	2	1	2	2	0	0	0	0	1	1	2	0
875	0	0	0	2	1	0	1	2	0	1	2	0	1	0	1	0	1	1	0	0	0
876	0	1	0	1	1	0	1	0	0	1	1	2	0	0	1	0	1	0	0	2	1
877	1	1	1	2	2	1	1	2	0	1	1	1	1	0	0	0	1	0	1	1	1
878	0	0	1	0	1	0	0	1	0	1	0	0	1	1	0	0	1	0	1	0	2
879	0	1	0	1	1	0	0	1	1	1	1	2	1	1	0	0	1	0	1	0	2
880	0	0	0	0	1	0	1	0	0	1	1	1	0	0	2	0	0	0	0	1	2
881	0	1	0	2	1	0	0	1	0	1	1	1	1	2	1	0	0	0	0	0	0
882	0	0	0	1	1	0	0	2	0	0	1	0	1	0	1	0	0	0	2	1	0
883	0	0	0	0	0	1	1	2	0	0	0	1	0	1	1	0	2	0	1	2	0
884	1	1	0	1	1	0	0	1	0	0	0	1	2	0	0	0	0	1	0	2	1
885	0	0	0	2	0	0	0	0	0	0	1	1	1	1	1	1	0	0	2	2	2
886	0	2	0	1	0	0	0	1	1	1	2	1	0	2	0	1	1	0	0	2	1
887	0	1	0	0	1	1	0	0	0	0	1	1	1	2	1	0	0	0	0	1	2
888	0	0	1	1	0	0	0	0	0	1	0	2	1	1	0	0	0	1	2	1	0
889	0	0	0	0	0	0	0	1	0	0	1	1	0	2	1	0	2	1	2	0	1
890	0	0	1	0	1	0	1	0	0	2	0	0	0	0	2	0	0	1	2	2	2
891	0	1	0	2	0	0	1	1	0	0	1	1	0	0	0	1	2	0	1	1	1
892	1	0	0	2	0	0	0	0	0	1	1	0	2	1	0	0	0	1	2	2	2
893	0	0	1	1	0	0	0	1	0	0	0	2	0	0	1	0	0	1	2	1	0
894	0	1	0	1	2	0	0	1	0	0	0	2	1	0	0	0	1	1	0	1	2
895	0	0	1	1	0	0	1	2	0	1	0	2	1	2	0	0	1	1	2	1	0
896	0	2	1	0	0	0	0	2	0	1	1	1	1	0	0	0	1	2	1	1	1
897	0	1	1	0	1	0	0	1	0	0	0	1	0	1	1	0	1	1	2	2	2
898	0	1	1	0	1	0	0	1	0	0	0	1	1	1	0	0	0	1	2	1	0
899	0	0	0	2	1	0	0	2	0	1	1	1	1	1	1	1	0	0	1	0	2
900	0	0	0	1	0	0	0	0	0	0	0	1	1	0	0	0	2	0	1	2	0
901	0	0	0	1	0	0	0	1	0	2	0	1	0	1	1	1	0	0	1	2	0
902	0	1	0	0	1	0	0	2	0	2	0	0	0	0	1	0	0	1	0	1	2
903	0	0	1	2	1	0	0	2	0	0	0	1	0	1	1	0	1	0	0	0	0
904	0	1	0	2	1	0	0	1	0	0	1	0	0	1	2	1	0	0	0	2	1
905	0	0	1	1	1	0	0	2	0	1	0	1	1	0	1	1	1	0	1	2	0
906	0	0	0	1	1	0	0	1	0	1	1	0	1	1	0	0	0	0	0	0	0
907	0	0	0	2	0	1	0	1	0	0	1	0	1	1	2	0	0	0	0	2	1
908	0	0	0	0	0	0	0	0	0	1	0	1	1	1	0	0	1	1	1	1	1
909	0	2	0	1	1	0	0	1	1	0	0	0	0	0	2	2	0	1	0	0	0
910	0	0	0	1	1	0	0	0	0	1	0	1	0	1	0	0	0	0	1	2	0
911	0	1	0	0	1	0	0	1	0	2	1	1	1	2	0	0	1	1	2	0	1
912	0	1	1	1	0	0	1	1	0	2	0	1	0	0	1	0	1	0	0	0	0
913	0	1	0	1	1	0	0	0	0	1	2	2	0	0	0	1	0	0	1	1	1
914	0	0	1	2	1	0	0	2	0	0	1	1	1	2	2	0	0	0	1	2	0
915	0	1	0	1	1	0	1	1	1	1	1	2	1	0	0	0	1	0	0	1	2
916	1	1	1	2	0	0	0	1	0	0	2	1	2	0	1	0	1	0	1	0	2
917	0	0	0	0	1	0	1	2	0	0	1	1	1	1	0	0	0	0	1	0	2
918	0	0	0	2	0	0	0	2	0	2	1	1	2	1	1	1	0	0	1	0	2
919	0	1	0	0	2	0	0	1	0	0	1	0	1	0	0	0	1	0	1	2	0
920	0	0	1	1	0	0	0	1	0	0	1	2	1	2	2	0	1	0	2	1	0
921	0	2	0	2	1	0	0	1	0	0	1	0	1	0	2	0	1	0	2	1	0
922	0	0	0	0	1	0	0	0	0	1	0	1	1	0	1	0	1	0	2	1	0
923	1	0	1	1	1	0	1	2	0	0	1	1	0	0	2	0	1	1	0	1	2
924	0	0	0	2	1	2	1	0	0	0	0	0	0	1	0	1	1	1	2	1	0
925	0	0	0	1	1	0	1	1	0	1	2	2	0	0	0	1	0	0	0	0	0
926	1	0	0	1	1	0	0	1	0	1	1	1	1	2	0	1	1	1	2	0	1
927	0	0	0	2	1	0	0	1	0	1	2	0	0	2	1	0	0	0	1	1	1
928	0	0	0	1	1	0	0	1	0	0	0	1	2	1	1	0	0	0	1	1	1
929	1	0	1	2	2	0	0	0	0	0	0	0	2	1	2	0	0	2	0	1	2
930	0	0	0	1	0	1	1	2	0	0	1	2	0	1	0	2	1	0	1	1	1
931	0	0	0	1	0	0	2	0	0	1	0	1	2	1	0	0	1	0	0	1	2
932	0	0	0	2	1	0	0	0	0	0	0	2	1	2	1	0	0	0	2	1	0
933	0	0	0	1	0	0	1	0	0	0	0	1	1	2	0	0	1	0	0	1	2
934	0	0	0	0	1	0	1	1	0	0	0	1	2	1	1	0	2	0	1	2	0
935	0	0	0	0	2	1	1	2	0	0	0	1	1	0	0	0	2	1	2	1	0
936	1	0	0	1	1	0	0	1	0	0	0	0	0	0	1	0	0	1	1	1	1
937	0	0	1	1	2	0	1	1	0	1	1	1	0	0	1	0	1	0	2	0	1
938	0	1	0	1	0	1	0	0	0	0	1	0	1	1	0	1	1	0	1	1	1
939	1	1	0	1	0	0	1	0	0	1	1	0	1	1	1	0	2	0	1	1	1
940	0	0	0	2	1	0	0	1	0	1	1	1	1	0	0	0	1	1	1	1	1
941	2	1	1	2	0	0	0	0	0	1	1	1	1	2	1	0	1	2	0	1	2
942	0	0	0	1	0	0	1	1	0	1	1	1	2	0	0	1	1	0	1	1	1
943	0	0	0	1	0	0	0	0	0	2	0	1	2	1	1	1	0	1	2	1	0
944	0	0	0	1	0	0	1	2	0	0	0	1	0	1	1	0	0	0	2	0	1
945	0	0	1	1	1	0	0	1	0	2	1	1	1	1	1	0	0	0	1	0	2
946	0	1	1	1	1	0	0	0	0	1	0	1	1	2	2	0	1	0	1	2	0
947	1	1	0	1	1	0	0	0	0	2	1	0	0	1	1	1	2	0	1	0	2
948	0	0	0	0	2	0	0	1	0	1	0	0	0	2	1	0	2	2	1	1	1
949	1	0	0	1	2	0	0	1	0	1	0	0	0	2	1	0	0	0	2	2	2
950	0	0	0	2	0	0	0	1	1	0	2	2	1	0	1	1	0	1	1	2	0
951	1	1	0	0	2	0	1	1	0	1	0	1	1	1	1	0	0	1	1	0	2
952	0	1	0	1	1	0	0	0	0	0	0	1	1	1	1	0	0	0	0	0	0
953	1	1	0	0	1	1	0	2	0	0	1	0	1	1	0	0	0	0	0	1	2
954	0	0	1	2	0	0	0	1	0	1	0	0	0	1	1	0	1	0	0	1	2
955	0	1	0	1	2	0	0	0	0	1	0	2	1	0	0	0	1	0	1	1	1
956	1	0	0	1	1	0	0	2	0	1	1	1	1	1	1	0	2	0	1	2	0
957	0	1	0	2	2	0	1	2	0	0	1	0	1	1	1	0	0	0	1	1	1
958	0	0	0	1	0	0	1	1	0	0	1	0	1	1	1	1	2	0	1	2	0
959	0	0	0	0	2	0	0	2	0	0	1	0	1	1	1	0	0	0	0	1	2
960	1	1	0	1	2	0	0	0	0	0	1	1	2	1	1	1	0	1	1	0	2
961	0	0	1	2	1	0	0	1	0	1	1	1	1	1	0	0	0	1	1	1	1
962	0	0	0	1	1	1	1	2	0	0	0	0	1	1	1	0	2	0	2	2	2
963	1	0	0	0	1	0	1	1	0	1	0	0	0	2	2	0	2	0	0	2	1
964	0	1	0	1	1	0	1	1	0	1	1	1	1	1	1	1	0	0	1	1	1
965	1	2	0	0	1	0	0	1	0	1	2	0	1	1	2	0	0	0	1	2	0
966	1	0	0	1	1	1	0	1	0	0	1	2	0	1	0	0	1	1	1	1	1
967	0	0	0	1	1	0	0	0	0	1	1	0	0	1	1	0	0	0	2	2	2
968	1	0	1	2	1	0	0	2	0	2	0	0	1	0	1	0	1	1	1	2	0
969	0	1	0	2	1	0	1	1	0	0	1	1	0	0	0	0	1	1	0	1	2
970	0	1	0	1	0	0	0	1	0	0	0	0	1	0	0	0	1	1	2	1	0
971	0	1	0	1	1	0	1	1	1	0	0	1	0	0	1	0	1	0	1	1	1
972	0	0	0	2	2	0	0	1	0	1	2	1	2	0	1	0	0	0	1	1	1
973	0	0	0	1	1	0	0	0	1	0	2	0	0	1	1	0	1	0	2	2	2
974	0	0	1	1	1	0	0	2	1	1	1	2	1	1	0	0	1	1	1	1	1
975	0	0	1	1	1	0	0	1	0	0	2	2	1	1	2	0	0	1	0	1	2
976	0	0	0	1	0	0	1	1	2	1	2	0	2	0	0	0	0	0	0	2	1
977	1	0	1	0	1	0	0	1	0	0	1	0	0	2	2	1	0	1	1	1	1
978	0	0	1	0	1	0	0	1	0	1	0	1	0	0	2	0	1	0	2	2	2
979	0	2	0	1	0	0	1	1	0	0	0	1	1	1	1	0	1	0	1	1	1
980	1	1	0	1	1	1	0	2	0	2	1	1	1	1	2	0	1	0	1	1	1
981	1	1	0	1	0	0	0	1	0	0	1	2	1	1	2	0	0	1	1	2	0
982	0	0	0	1	1	0	2	1	0	2	1	0	0	1	0	0	0	0	1	1	1
983	0	1	0	1	0	0	0	2	0	0	1	1	0	1	1	0	1	0	1	0	2
984	0	1	0	1	1	0	0	2	0	0	1	1	2	1	1	0	1	0	2	2	2
985	0	0	0	0	2	0	0	2	0	0	0	2	2	0	0	1	2	1	1	1	1
986	0	0	0	0	0	0	0	1	0	1	1	0	0	0	1	0	0	0	1	1	1
987	0	0	1	0	2	0	1	2	0	0	0	0	0	0	1	0	1	0	1	1	1
988	0	0	0	2	1	0	0	0	0	1	0	0	1	1	1	0	1	1	2	0	1
989	0	0	0	1	0	0	0	2	0	1	1	0	1	1	1	1	1	0	2	1	0
990	1	0	0	0	1	0	0	1	0	1	0	1	1	1	0	0	1	1	0	1	2
991	0	1	0	2	0	0	0	1	0	0	0	0	1	0	1	0	0	0	2	0	1
992	0	0	0	0	1	0	0	1	0	0	2	1	0	1	2	0	0	0	0	2	1
993	1	0	0	2	1	0	1	1	0	0	1	0	0	1	1	0	0	0	0	0	0
994	0	1	0	0	1	0	0	1	0	0	1	2	0	0	0	0	2	0	1	1	1
995	0	0	0	0	1	0	1	0	0	0	2	2	1	0	1	1	0	2	1	0	2
996	0	0	1	1	1	0	0	0	0	0	0	1	1	1	1	0	1	1	1	0	2
997	1	1	0	1	0	0	0	1	0	1	1	2	0	2	1	0	0	1	1	1	1
998	1	0	1	0	2	0	1	1	0	1	1	2	0	1	0	1	1	1	2	1	0
999	0	1	0	1	1	0	0	1	0	0	1	1	1	1	0	1	1	0	2	1	0
1000	0	0	0	1	1	0	0	2	0	0	0	1	0	1	1	0	0	0	2	1	0
1001	0	0	0	1	1	0	1	0	0	1	0	1	0	1	0	0	0	1	1	1	1
1002	0	2	0	1	0	0	0	2	0	1	2	2	2	1	0	0	2	0	2	2	2
1003	0	0	0	0	0	0	1	1	0	0	1	1	0	1	2	0	1	0	0	1	2
1004	0	0	0	1	0	1	0	1	0	1	1	0	2	0	0	0	2	1	1	2	0
1005	0	0	0	1	1	0	1	1	1	1	1	0	1	0	1	0	2	0	1	0	2
1006	1	0	1	2	0	0	1	1	1	1	0	1	1	1	1	0	1	0	2	2	2
1007	1	1	0	1	0	0	0	2	0	0	0	2	1	2	1	0	1	1	1	1	1
1008	0	0	0	0	1	0	0	0	0	0	1	1	0	1	1	1	0	0	0	1	2
1009	1	0	1	0	2	0	0	1	0	0	1	0	1	1	1	0	0	0	0	1	2
1010	0	1	0	0	0	0	1	1	0	1	0	1	1	2	0	0	0	0	2	0	1
1011	0	0	0	2	1	0	1	1	0	1	0	1	0	1	1	0	0	0	0	1	2
1012	0	0	0	0	1	0	0	2	0	0	2	1	1	1	2	1	0	0	2	2	2
1013	1	1	1	1	0	0	0	0	0	1	1	1	0	0	0	0	2	0	1	1	1
1014	0	1	0	0	1	1	1	2	0	2	0	0	1	1	0	0	1	1	1	0	2
1015	0	2	0	0	0	0	0	1	0	0	2	2	0	1	2	0	0	0	2	1	0
1016	0	0	0	1	0	0	0	1	0	0	0	1	1	0	1	0	0	1	1	2	0
1017	0	1	0	0	1	0	0	2	0	2	2	1	0	1	0	0	1	1	0	1	2
1018	0	0	0	0	0	1	0	1	0	0	0	1	1	2	0	2	1	0	2	1	0
1019	0	1	1	2	1	0	0	1	0	1	0	1	0	0	0	0	0	0	1	0	2
1020	0	1	0	2	1	0	0	0	1	1	0	0	0	0	1	0	0	0	0	2	1
1021	0	1	0	0	0	1	1	1	0	0	0	0	0	0	1	0	1	0	0	1	2
1022	0	0	0	1	2	1	0	2	0	0	2	1	1	2	2	0	1	0	0	0	0
1023	0	1	0	0	2	0	1	2	0	1	0	0	0	1	1	0	0	1	1	0	2
1024	0	0	0	2	2	0	0	1	0	2	0	1	2	1	1	0	1	0	2	0	1
1025	1	1	0	0	0	0	1	0	0	1	0	1	1	1	1	1	1	1	1	1	1
1026	0	1	1	0	0	0	1	1	0	1	1	0	1	0	1	1	1	0	1	1	1
1027	1	0	0	0	2	0	0	2	0	0	1	2	1	0	0	0	2	0	0	1	2
1028	0	1	0	1	2	0	0	1	0	1	1	2	1	1	1	0	2	0	1	1	1
1029	0	0	0	0	0	0	0	1	0	2	1	1	1	2	1	0	1	2	1	1	1
1030	0	0	0	1	2	1	1	1	0	0	1	0	0	1	2	0	1	0	1	1	1
1031	0	0	0	0	0	0	0	0	0	1	2	1	0	0	0	0	0	0	0	1	2
1032	1	0	0	1	2	0	0	1	0	2	2	0	0	2	1	0	0	0	2	1	0
1033	0	1	0	0	1	0	0	1	0	0	0	0	2	0	0	0	1	0	0	1	2
1034	0	0	0	2	0	0	0	0	0	0	1	0	1	1	1	0	1	1	2	1	0
1035	0	0	0	1	1	0	1	0	0	0	1	0	0	2	0	0	0	0	2	1	0
1036	0	0	0	0	1	0	0	1	0	0	1	2	1	0	0	0	0	1	2	2	2
1037	1	0	0	1	2	0	1	1	0	0	2	2	1	2	1	1	0	0	0	0	0
1038	0	1	0	2	1	1	1	2	0	1	1	1	1	1	0	0	1	0	1	2	0
1039	0	1	0	0	0	0	0	1	0	0	1	0	1	1	1	0	1	1	0	1	2
1040	0	1	0	2	1	0	0	2	0	1	0	1	1	0	1	0	0	1	0	1	2
1041	0	1	0	2	1	0	0	1	0	0	0	1	2	1	0	0	1	0	1	2	0
1042	0	1	0	1	1	0	0	1	1	1	2	0	0	2	1	0	0	0	1	1	1
1043	0	0	0	0	2	0	0	1	0	1	1	2	1	0	0	0	1	0	2	1	0
1044	0	0	0	2	1	0	1	2	0	1	1	2	0	0	2	0	1	0	2	1	0
1045	0	0	0	1	1	0	0	1	0	1	1	2	0	0	0	0	1	0	1	2	0
1046	0	0	0	2	2	0	0	1	0	0	1	2	1	0	1	0	0	0	1	1	1
1047	0	0	0	1	1	0	0	1	0	1	0	1	1	0	2	0	2	1	1	2	0
1048	0	0	0	2	0	0	0	2	0	0	1	1	0	0	1	1	1	1	1	1	1
1049	0	0	0	1	1	0	0	2	0	1	1	0	1	1	0	1	0	2	1	1	1
1050	0	0	0	1	1	0	0	1	0	0	0	1	0	1	2	0	0	0	1	1	1
1051	0	0	0	0	2	0	0	1	0	1	0	2	1	2	1	0	1	0	0	1	2
1052	0	2	1	1	1	0	0	2	0	1	1	1	1	2	2	0	0	0	1	0	2
1053	2	0	0	1	1	0	0	1	0	0	1	1	0	1	2	0	1	0	1	1	1
1054	0	0	0	2	1	0	0	1	0	0	1	0	1	2	1	0	1	1	1	1	1
1055	0	1	0	2	2	0	1	1	0	0	2	0	0	1	1	0	0	0	2	1	0
1056	0	0	0	1	1	1	0	2	0	1	2	1	1	1	1	0	2	0	0	0	0
1057	0	1	0	1	2	0	0	2	0	1	0	1	2	1	1	0	1	1	1	0	2
1058	0	0	0	2	1	0	0	0	0	0	2	1	0	1	0	1	1	0	0	1	2
1059	0	0	0	1	0	0	0	2	0	0	1	1	2	0	0	1	0	0	0	0	0
1060	0	0	0	1	0	0	1	0	0	0	0	0	1	1	0	1	0	0	0	0	0
1061	2	0	0	2	1	0	0	2	0	0	1	1	1	1	0	0	1	1	1	0	2
1062	0	0	0	2	0	0	0	1	0	0	1	2	2	1	0	0	1	0	1	2	0
1063	0	2	0	1	2	0	0	1	0	0	1	2	0	0	1	0	1	0	1	1	1
1064	0	0	0	0	1	0	0	0	1	0	1	1	1	2	1	0	1	0	2	2	2
1065	1	0	0	1	1	0	0	2	0	0	1	1	2	2	1	0	1	0	1	1	1
1066	0	1	0	1	1	0	0	0	0	1	1	1	1	1	1	0	0	0	1	1	1
1067	0	0	0	0	1	0	0	0	0	0	1	0	0	1	0	1	1	0	1	1	1
1068	0	0	0	2	1	0	0	1	0	1	1	1	1	1	1	0	1	0	1	1	1
1069	0	0	0	1	1	0	0	1	0	1	0	1	0	0	0	0	0	0	2	2	2
1070	0	1	1	1	0	0	1	0	0	0	1	2	0	1	0	0	0	0	1	1	1
1071	0	1	0	1	2	0	0	0	0	0	0	1	0	2	2	0	2	0	1	1	1
1072	0	0	0	2	1	0	0	1	0	1	2	1	0	1	2	0	0	0	0	1	2
1073	1	0	0	1	0	0	1	1	0	0	0	1	2	0	1	0	1	0	1	2	0
1074	0	1	0	1	1	0	1	1	1	0	0	1	2	1	2	0	0	0	2	2	2
1075	1	1	0	1	0	0	1	1	1	0	2	0	0	2	1	1	1	0	1	1	1
1076	0	1	0	0	1	0	0	1	0	0	0	1	1	1	1	1	0	2	2	2	2
1077	0	0	0	1	1	0	0	0	0	0	0	1	0	1	2	1	1	1	2	2	2
1078	0	0	1	1	0	0	0	1	0	1	0	1	1	1	0	1	2	0	1	2	0
1079	0	0	1	2	0	0	0	1	0	1	2	2	0	1	0	0	1	0	1	2	0
1080	0	1	0	0	1	0	0	2	0	1	0	2	1	1	1	0	0	1	0	1	2
1081	0	0	0	1	2	0	0	1	0	1	1	1	0	1	2	0	1	0	0	1	2
1082	1	0	0	1	0	0	0	1	0	0	0	1	0	1	1	1	1	1	1	1	1
1083	0	0	0	1	1	0	0	1	1	0	1	0	2	1	2	1	0	0	1	1	1
1084	0	1	0	1	0	0	0	1	0	2	1	1	1	1	1	0	1	0	0	0	0
1085	0	0	0	2	1	0	1	1	0	1	0	1	2	0	0	0	1	0	1	2	0
1086	0	1	1	1	1	0	0	2	0	1	0	0	1	1	1	0	0	1	1	2	0
1087	0	0	0	2	2	0	2	1	0	0	0	0	0	0	1	0	0	1	2	1	0
1088	0	0	0	1	0	0	1	2	0	0	1	1	1	1	1	0	1	1	1	1	1
1089	0	0	0	0	0	0	0	2	0	1	1	1	0	0	1	0	2	0	2	0	1
1090	1	0	0	1	0	0	0	0	0	0	1	1	1	0	1	0	1	0	1	2	0
1091	0	0	0	2	0	0	0	0	0	0	2	2	2	1	1	0	0	0	0	1	2
1092	0	0	1	1	0	0	0	1	1	1	2	0	1	0	0	1	1	1	2	1	0
1093	0	0	0	1	0	0	0	1	0	0	1	0	1	2	2	1	1	0	2	0	1
1094	1	1	0	1	1	0	0	1	0	0	1	1	2	0	0	0	0	0	1	1	1
1095	1	1	0	1	1	0	0	1	0	1	1	0	1	0	0	0	2	0	1	2	0
1096	0	0	0	2	0	0	0	2	0	0	0	0	0	0	1	1	1	1	0	1	2
1097	0	1	0	1	1	1	0	1	0	1	0	0	2	1	0	1	2	0	1	1	1
1098	0	1	0	1	1	0	1	1	0	0	2	1	1	0	1	1	2	1	1	0	2
1099	0	0	0	0	0	1	0	1	0	0	0	2	2	1	0	0	1	0	0	2	1
1100	0	1	0	0	1	0	1	1	0	1	0	1	1	0	0	0	1	0	0	1	2
1101	1	2	0	2	0	0	0	1	0	0	0	0	1	1	2	1	0	1	0	1	2
1102	0	0	0	0	1	0	0	0	0	0	1	2	1	1	1	0	1	0	0	1	2
1103	0	1	0	1	1	0	0	1	1	1	1	0	1	0	1	0	1	1	2	0	1
1104	0	0	0	0	1	0	0	1	0	1	1	1	1	2	1	0	0	0	2	1	0
1105	1	1	0	0	2	0	1	0	0	1	1	0	2	2	0	0	1	0	1	2	0
1106	0	1	1	1	0	0	2	2	0	1	1	1	1	1	0	1	1	0	1	0	2
1107	0	0	0	0	1	0	0	0	0	1	1	0	1	0	1	0	2	1	1	2	0
1108	0	1	0	2	2	0	0	1	0	1	1	2	0	1	1	0	1	0	1	2	0
1109	1	0	0	0	0	0	0	1	0	1	0	0	0	2	2	0	1	0	1	0	2
1110	1	0	0	1	0	1	0	1	0	1	0	1	1	0	0	0	2	0	2	1	0
1111	0	0	1	1	1	0	1	1	0	0	1	1	0	0	1	0	0	0	1	1	1
1112	0	0	0	0	1	0	0	1	0	0	0	2	1	2	2	0	0	0	0	1	2
1113	1	1	0	0	0	1	0	1	0	1	1	1	2	0	0	0	2	1	1	0	2
1114	0	0	0	1	2	0	1	1	0	0	1	0	1	1	0	0	2	0	2	2	2
1115	0	1	2	0	0	1	0	2	0	0	0	0	1	0	0	2	2	1	2	1	0
1116	0	1	0	1	1	0	1	0	0	1	1	1	2	2	1	1	0	1	0	1	2
1117	0	0	0	0	1	0	0	1	1	1	0	0	1	0	0	0	0	1	1	1	1
1118	0	0	0	1	1	0	1	0	0	1	0	2	0	1	1	0	1	0	0	1	2
1119	0	0	0	1	1	0	0	1	1	0	1	1	2	1	2	0	1	1	2	1	0
1120	0	0	0	1	0	0	0	1	0	0	0	1	1	2	0	1	1	0	2	2	2
1121	1	0	2	0	1	0	0	0	0	0	2	2	1	2	1	0	0	0	1	1	1
1122	0	0	0	1	0	0	0	1	0	1	2	2	0	2	0	1	1	0	2	2	2
1123	0	1	0	2	1	0	1	0	0	1	0	2	1	1	1	1	1	0	0	0	0
1124	0	0	0	1	1	0	0	0	0	0	1	0	0	1	0	0	1	0	2	0	1
1125	0	1	0	2	0	0	1	1	1	0	1	2	0	1	1	1	2	0	1	2	0
1126	0	0	0	0	1	0	1	1	0	0	0	1	0	2	1	0	0	0	0	1	2
1127	0	0	0	0	0	1	0	0	0	1	0	0	0	1	0	0	1	1	1	1	1
1128	0	1	0	2	1	0	0	2	0	0	0	2	1	0	1	0	1	0	0	0	0
1129	0	1	0	1	0	0	0	1	0	0	0	1	1	1	1	1	0	0	0	0	0
1130	0	1	0	2	1	0	0	1	0	1	1	1	0	1	1	1	1	1	0	2	1
1131	0	1	2	0	1	1	2	1	0	0	1	2	1	1	0	0	0	0	2	1	0
1132	1	0	0	0	0	0	0	2	0	1	1	2	1	0	0	0	1	1	2	1	0
1133	0	1	0	0	0	0	1	2	0	0	1	1	2	0	1	0	0	1	1	1	1
1134	0	0	0	0	2	0	0	1	0	2	1	1	0	1	1	0	0	0	1	0	2
1135	0	0	0	0	1	0	0	2	1	0	0	2	1	1	1	0	0	0	0	1	2
1136	1	0	0	1	1	0	1	0	0	1	0	0	0	0	1	0	1	1	1	0	2
1137	0	1	0	1	1	0	0	0	2	1	1	1	1	1	0	1	1	0	1	2	0
1138	1	1	0	1	0	0	0	0	0	0	0	1	0	1	1	1	1	0	2	0	1
1139	1	0	0	0	1	2	0	2	0	1	1	1	2	1	1	0	1	0	2	1	0
1140	0	1	0	0	0	0	0	0	0	1	1	1	1	1	1	0	0	1	1	2	0
1141	0	0	0	1	0	1	0	1	1	1	0	1	0	0	0	0	1	1	1	1	1
1142	0	1	0	1	2	0	1	2	0	1	0	0	1	1	2	0	1	1	2	0	1
1143	1	0	0	0	1	0	0	1	1	0	0	1	1	1	1	1	0	1	2	2	2
1144	0	0	0	1	1	0	0	1	0	0	0	0	1	1	1	1	2	0	0	2	1
1145	0	0	1	1	1	0	1	0	0	0	0	0	0	0	0	0	0	0	1	2	0
1146	0	2	0	1	0	0	0	1	0	0	1	0	0	1	0	1	1	0	1	2	0
1147	1	0	0	2	1	0	0	1	0	0	0	0	1	0	1	0	1	1	2	2	2
1148	0	0	1	1	1	0	0	0	1	0	0	2	2	2	0	1	1	1	2	0	1
1149	1	1	0	0	1	0	0	1	1	1	1	2	1	1	1	0	2	0	1	0	2
1150	0	0	0	1	1	1	0	1	0	0	1	0	2	1	2	0	1	1	2	1	0
1151	2	0	0	1	1	0	0	1	1	1	0	1	0	1	1	1	0	1	0	1	2
1152	0	0	0	1	1	0	0	0	0	0	1	1	1	0	1	0	0	0	1	1	1
1153	0	0	1	2	1	0	0	2	0	1	0	1	2	0	0	0	0	0	2	1	0
1154	1	1	0	1	1	0	2	1	0	0	1	1	1	2	1	0	0	0	2	1	0
1155	0	1	0	1	1	0	0	1	0	1	1	1	0	0	1	0	0	0	2	1	0
1156	0	1	0	2	1	0	0	2	0	1	1	1	1	1	1	0	1	0	0	2	1
1157	1	0	0	1	0	0	0	0	0	1	2	1	1	1	1	0	1	0	0	0	0
1158	0	1	1	0	0	0	2	1	0	1	0	0	1	1	2	0	1	0	0	1	2
1159	0	0	0	1	1	0	0	1	0	0	0	1	2	0	1	0	1	0	1	1	1
1160	1	0	1	1	1	0	0	2	0	1	1	1	1	0	1	1	0	0	1	1	1
1161	0	0	0	1	1	0	2	1	1	2	0	1	1	1	0	1	0	0	0	0	0
1162	0	0	0	1	1	0	1	0	0	0	0	1	1	2	1	0	0	0	0	0	0
1163	0	0	1	0	2	1	0	1	0	1	1	2	1	1	1	0	0	0	1	1	1
1164	0	0	0	2	1	0	1	1	0	0	1	0	0	2	0	0	1	1	0	1	2
1165	0	0	0	2	2	0	0	2	0	0	1	1	0	0	2	0	1	0	1	1	1
1166	1	0	0	0	0	0	1	1	1	0	0	0	1	2	0	1	0	1	1	1	1
1167	0	1	0	0	1	0	0	1	0	2	1	0	2	0	1	0	1	0	1	0	2
1168	0	1	0	1	0	0	1	0	0	0	1	1	2	1	1	0	1	0	1	2	0
1169	0	0	0	0	1	1	0	0	0	0	0	1	0	2	1	0	1	1	1	1	1
1170	0	1	0	1	1	1	0	0	0	2	1	1	2	0	2	0	0	0	2	1	0
1171	1	0	0	1	2	0	0	1	0	0	0	1	0	2	0	1	1	0	2	1	0
1172	1	1	0	1	2	0	0	2	0	0	2	0	0	1	0	0	0	0	0	0	0
1173	0	0	1	2	1	1	0	1	0	1	0	0	1	0	0	0	1	0	0	2	1
1174	1	0	1	0	0	0	0	1	0	0	0	1	2	1	0	0	0	0	0	1	2
1175	1	2	0	0	1	0	1	1	0	2	1	0	0	2	0	1	1	0	1	1	1
1176	0	0	1	2	1	0	0	2	0	1	1	0	2	0	1	0	1	0	2	2	2
1177	0	0	0	0	0	0	1	0	0	1	0	1	0	1	2	0	0	1	1	1	1
1178	0	0	1	0	1	0	1	2	0	1	1	2	0	1	1	1	0	0	0	1	2
1179	0	0	0	1	0	0	0	0	1	2	2	1	1	1	1	0	1	1	2	1	0
1180	0	0	0	0	1	0	1	1	0	0	2	0	0	0	1	1	1	0	1	1	1
1181	1	0	0	2	1	0	0	1	0	0	0	1	0	1	1	1	0	0	1	2	0
1182	0	0	0	2	1	0	1	1	0	1	1	2	0	0	0	1	2	0	0	0	0
1183	0	0	1	1	2	0	0	2	0	0	0	0	0	1	1	0	1	1	1	2	0
1184	0	1	0	2	0	0	0	1	0	0	0	0	0	1	1	1	0	0	0	1	2
1185	0	1	1	0	1	0	0	1	0	0	1	2	1	1	1	0	0	0	1	1	1
1186	1	1	0	1	1	0	0	1	0	1	0	1	1	1	0	0	1	1	1	0	2
1187	1	0	1	1	0	1	0	1	0	0	1	2	0	1	0	0	0	0	1	0	2
1188	0	0	1	1	1	0	1	2	0	2	1	0	0	0	1	1	1	0	2	1	0
1189	1	1	0	1	2	1	0	1	0	1	0	0	1	1	0	0	2	0	1	1	1
1190	0	0	0	1	0	0	1	2	0	0	1	2	0	0	0	0	0	0	0	1	2
1191	0	1	0	1	1	0	1	0	0	0	0	1	2	1	1	0	2	1	2	2	2
1192	0	0	1	1	2	0	0	0	0	1	1	0	0	1	0	0	0	0	1	2	0
1193	0	0	0	1	1	0	0	0	0	1	0	2	0	1	1	1	1	1	0	1	2
1194	0	0	0	0	1	0	0	0	0	1	0	1	0	1	2	0	2	1	0	0	0
1195	1	0	0	2	1	0	0	0	0	0	2	2	1	0	1	0	1	0	1	2	0
1196	0	0	0	0	1	0	0	2	0	1	0	0	2	2	1	1	2	1	0	2	1
1197	1	1	0	0	2	0	0	1	0	2	0	1	2	0	2	0	0	0	1	0	2
1198	0	0	0	1	1	0	1	0	0	1	1	1	1	0	1	0	0	0	1	1	1
1199	0	1	0	2	0	0	1	1	0	1	0	0	0	1	0	1	0	1	0	1	2
1200	1	0	0	1	0	0	0	0	0	1	1	1	1	1	1	0	1	0	1	2	0
1201	0	0	0	0	2	0	0	2	0	2	1	0	1	1	1	0	1	0	0	0	0
1202	0	1	1	2	1	0	0	0	0	1	1	0	0	0	2	1	1	0	1	1	1
1203	1	1	0	1	0	0	0	0	0	1	0	0	1	0	0	0	2	0	0	2	1
1204	0	1	0	0	1	0	0	1	0	0	0	1	2	1	0	1	1	0	1	0	2
1205	1	0	0	0	0	0	0	2	0	0	0	1	1	2	1	0	1	1	1	2	0
1206	0	1	1	0	0	0	0	0	0	0	0	0	2	1	0	0	2	0	1	1	1
1207	0	1	0	1	0	0	1	2	2	1	0	1	2	2	2	1	0	1	1	0	2
1208	0	0	0	0	2	0	0	2	1	0	0	1	2	1	1	0	1	0	1	1	1
1209	0	1	0	1	1	0	2	2	0	1	0	0	0	1	1	0	1	0	2	1	0
1210	0	0	0	0	1	0	0	1	0	1	1	2	1	2	1	0	0	0	0	1	2
1211	0	1	1	1	2	0	0	1	0	0	0	1	0	1	0	1	1	1	1	1	1
1212	0	0	1	0	0	0	0	1	1	0	1	1	1	0	1	0	2	1	1	1	1
1213	0	0	0	1	1	0	0	1	0	0	1	1	2	0	2	1	0	0	1	2	0
1214	0	1	0	1	1	0	1	1	0	0	1	1	1	2	0	0	0	0	1	2	0
1215	0	0	0	1	1	0	0	1	0	0	1	2	0	1	1	0	0	1	1	2	0
1216	0	0	1	0	2	0	0	1	1	0	1	0	1	2	1	0	1	0	0	1	2
1217	0	0	0	1	0	0	0	0	0	0	1	1	1	1	1	0	0	1	0	1	2
1218	1	2	0	0	0	1	0	1	0	1	0	1	2	1	1	1	0	0	1	0	2
1219	1	0	0	1	1	0	0	1	1	0	0	1	0	1	2	0	1	0	1	2	0
1220	0	0	0	0	1	1	0	1	0	0	0	1	2	0	1	0	1	1	1	2	0
1221	0	1	0	1	2	0	0	1	0	1	1	0	1	2	1	0	2	0	1	0	2
1222	0	0	0	1	1	0	0	0	0	1	0	1	0	0	1	1	1	0	1	0	2
1223	0	0	0	1	0	0	0	1	0	1	1	1	0	1	0	1	1	0	1	1	1
1224	0	0	0	0	0	0	0	2	0	0	2	0	1	0	0	0	0	2	2	1	0
1225	0	0	1	2	0	0	0	1	0	1	0	1	1	1	1	1	1	0	0	2	1
1226	0	1	0	1	1	0	0	2	0	1	1	0	1	0	1	2	0	0	0	2	1
1227	1	1	1	1	1	1	0	1	0	0	0	2	0	2	0	0	0	0	1	1	1
1228	0	0	0	0	1	0	0	1	0	1	1	2	0	0	0	0	1	0	0	1	2
1229	1	0	0	0	1	0	2	1	0	1	1	2	2	0	1	0	0	0	0	1	2
1230	0	0	0	1	0	0	0	0	0	0	1	1	1	0	0	0	1	1	0	0	0
1231	0	1	0	0	1	0	0	1	0	0	1	0	0	1	2	1	1	0	2	2	2
1232	0	0	0	2	0	0	0	2	0	1	1	0	1	0	0	0	2	2	1	1	1
1233	0	0	0	1	0	1	0	1	0	0	0	1	1	0	1	0	1	0	2	1	0
1234	0	0	0	0	1	0	1	1	0	1	2	0	2	0	1	0	0	0	2	2	2
1235	0	0	0	1	1	0	0	1	0	0	0	0	0	0	0	1	0	0	1	2	0
1236	2	0	0	1	1	0	1	1	0	0	0	2	2	1	0	0	1	0	0	0	0
1237	0	1	1	1	1	0	0	1	1	0	0	2	1	1	0	0	0	0	0	1	2
1238	0	0	0	0	1	0	0	1	0	1	0	2	0	1	1	1	1	0	1	1	1
1239	0	0	0	2	0	0	0	1	0	1	0	2	2	1	1	0	1	0	1	0	2
1240	2	1	1	1	0	1	0	1	0	1	0	0	0	1	1	0	0	1	0	1	2
1241	0	1	0	1	1	0	0	2	0	0	1	1	2	0	1	0	1	0	2	2	2
1242	0	1	0	1	1	0	1	1	0	0	0	1	0	0	1	0	0	0	0	2	1
1243	0	1	0	1	2	0	1	1	0	0	2	1	1	1	1	0	1	1	0	2	1
1244	0	0	0	1	1	0	0	0	0	0	1	1	0	1	0	1	0	1	1	0	2
1245	1	0	0	0	1	0	0	1	1	0	1	0	2	1	1	0	2	0	1	2	0
1246	0	1	0	1	0	0	0	0	0	2	0	2	1	1	1	0	2	0	2	1	0
1247	0	0	1	1	1	0	1	1	0	1	1	1	0	0	1	0	0	0	0	2	1
1248	0	1	0	1	0	0	1	1	0	1	1	0	2	0	2	0	1	1	1	0	2
1249	1	0	0	1	0	0	0	2	0	1	1	2	0	0	0	1	1	0	2	1	0
1250	0	0	0	2	0	0	1	1	0	0	1	1	0	0	0	0	0	0	1	2	0
1251	0	0	0	0	1	0	0	0	0	0	1	2	1	1	0	0	0	1	0	1	2
1252	0	1	1	2	2	0	0	2	0	1	1	0	0	0	2	0	1	1	2	1	0
1253	0	1	0	1	1	0	2	1	0	0	0	1	1	1	2	0	2	0	0	1	2
1254	0	0	1	1	1	0	1	2	0	0	1	1	1	1	0	0	1	0	0	1	2
1255	0	1	0	0	0	0	1	2	1	2	0	1	1	1	1	1	0	0	1	1	1
1256	1	2	0	1	1	0	2	0	0	0	0	0	1	1	0	1	0	0	1	1	1
1257	0	1	0	2	0	0	0	2	0	0	2	2	1	1	0	1	1	1	2	1	0
1258	1	1	0	0	1	0	0	0	0	0	2	2	2	1	0	0	0	1	1	1	1
1259	0	0	1	1	1	1	1	1	0	0	1	2	0	1	1	1	1	0	1	1	1
1260	0	0	1	0	2	0	0	1	0	1	0	0	1	1	1	1	1	0	2	2	2
1261	0	0	0	1	0	0	1	1	0	0	1	1	0	1	1	0	0	0	1	1	1
1262	0	0	0	2	2	1	1	1	0	0	0	1	0	1	0	1	0	0	1	0	2
1263	0	1	1	1	2	1	0	2	1	0	1	0	1	1	0	0	1	0	2	1	0
1264	0	0	0	2	1	0	1	2	1	0	1	0	1	1	1	0	1	1	0	1	2
1265	1	0	0	1	2	1	2	1	0	0	0	1	0	0	1	0	0	0	1	2	0
1266	1	1	0	0	1	0	1	1	0	1	2	1	2	1	2	0	1	0	2	1	0
1267	1	1	0	1	0	0	1	1	0	1	2	0	0	1	1	0	1	0	1	1	1
1268	0	0	0	0	0	0	0	1	0	0	1	1	0	2	0	0	2	0	2	1	0
1269	0	1	0	1	0	0	0	1	0	0	0	1	0	1	0	0	0	1	0	2	1
1270	0	1	0	0	2	1	0	1	0	0	1	0	1	2	2	1	0	0	2	0	1
1271	0	0	0	0	0	0	0	0	0	0	1	1	0	2	0	0	1	1	0	1	2
1272	0	0	0	1	0	1	1	2	0	0	0	2	2	2	1	0	0	0	1	1	1
1273	0	1	0	1	2	0	0	1	0	0	0	2	0	2	0	0	2	0	0	1	2
1274	0	1	0	0	1	0	2	1	0	1	0	1	1	1	0	0	1	0	0	2	1
1275	0	0	0	1	1	0	0	2	0	0	0	0	0	1	0	2	1	0	0	0	0
1276	1	1	0	1	0	0	0	2	0	0	1	1	1	0	1	0	1	0	1	1	1
1277	0	0	0	1	0	0	0	1	0	0	0	0	0	0	1	0	0	0	1	1	1
1278	0	1	1	2	2	0	1	1	0	0	1	1	1	1	0	1	1	0	0	1	2
1279	0	0	2	2	0	0	0	1	0	0	0	0	2	1	1	1	1	0	0	1	2
1280	0	1	0	0	1	0	1	1	0	1	1	2	0	1	0	0	1	0	2	2	2
1281	0	0	0	2	1	0	1	1	0	0	1	1	0	2	1	0	1	1	0	1	2
1282	0	0	0	1	2	1	1	2	0	0	1	0	0	0	1	0	1	0	1	1	1
1283	0	0	0	1	0	0	0	1	0	1	1	0	0	1	1	1	1	0	1	1	1
1284	0	0	0	0	1	0	0	2	0	1	0	0	1	0	0	0	2	1	0	1	2
1285	0	2	0	0	2	0	0	1	0	0	2	0	0	0	0	0	0	0	2	1	0
1286	0	0	0	2	1	0	1	1	0	1	1	1	0	1	1	1	0	0	1	0	2
1287	0	0	0	0	0	0	0	2	0	0	0	0	1	2	2	0	0	0	1	2	0
1288	0	1	1	1	0	0	0	1	0	2	1	1	1	0	2	0	1	0	2	1	0
1289	0	0	0	1	0	0	0	0	0	0	1	2	1	2	1	0	1	0	1	0	2
1290	1	0	0	2	2	0	0	1	0	0	0	0	1	1	1	1	0	0	1	0	2
1291	0	0	0	2	1	0	0	0	0	0	0	2	1	0	1	0	0	0	0	0	0
1292	1	0	0	1	0	0	0	2	0	2	0	2	0	1	0	0	1	0	1	2	0
1293	0	0	0	0	2	0	0	1	0	1	0	0	1	1	0	1	2	1	1	1	1
1294	0	0	1	2	0	1	1	0	0	1	1	1	0	0	1	1	2	0	1	0	2
1295	0	1	0	1	0	1	1	1	0	0	1	2	1	0	1	0	2	0	1	2	0
1296	0	0	1	0	2	0	0	1	0	0	1	1	0	2	1	1	1	1	0	0	0
1297	0	0	0	2	1	1	1	0	0	0	1	1	2	1	0	1	0	0	1	0	2
1298	0	1	1	2	1	0	1	2	0	0	0	0	1	1	0	1	1	0	0	2	1
1299	1	0	0	0	0	0	1	1	0	0	2	0	1	0	1	0	1	1	0	1	2
1300	0	1	0	0	0	0	0	1	0	2	0	0	0	1	1	0	0	1	1	1	1
1301	0	1	0	1	1	0	0	2	0	1	0	0	0	1	1	0	2	0	1	1	1
1302	0	0	0	2	0	1	0	2	0	0	1	1	0	1	1	0	2	0	1	0	2
1303	1	1	2	0	2	0	0	2	0	1	0	0	0	1	0	0	1	0	1	1	1
1304	0	1	0	0	0	0	0	1	0	1	1	1	2	0	1	0	0	0	0	1	2
1305	1	0	0	2	1	0	1	2	0	1	1	2	2	1	1	0	0	0	1	1	1
1306	0	0	0	2	2	0	1	0	0	1	0	0	1	0	1	0	0	0	0	1	2
1307	0	0	0	1	1	1	0	1	0	1	0	0	0	0	1	0	0	0	2	0	1
1308	0	0	0	1	0	0	1	1	0	0	0	1	1	0	1	0	0	0	1	2	0
1309	0	0	0	1	1	0	0	2	0	0	0	1	0	1	1	0	0	1	2	1	0
1310	0	1	0	1	1	0	0	1	0	0	1	1	0	0	1	0	0	1	1	0	2
1311	1	1	1	1	1	0	1	1	0	1	1	1	0	1	2	1	1	0	1	2	0
1312	0	0	0	1	2	0	1	1	0	1	0	1	1	1	0	0	1	1	2	1	0
1313	2	0	0	1	2	0	0	1	0	0	0	1	1	0	0	0	2	0	1	0	2
1314	0	1	0	2	1	1	0	1	0	1	1	1	0	1	0	0	1	0	0	0	0
1315	0	0	0	0	1	0	0	1	0	0	0	0	0	2	1	1	1	0	1	2	0
1316	0	0	0	1	2	0	0	0	0	0	0	1	0	2	0	1	1	1	1	1	1
1317	0	1	0	1	1	0	0	1	0	2	1	0	0	1	0	0	1	0	2	0	1
1318	0	0	0	1	1	1	1	2	0	0	1	2	1	0	1	0	0	1	0	1	2
1319	0	1	0	1	0	1	0	1	0	0	1	0	2	1	1	1	0	1	1	0	2
1320	1	1	0	1	2	0	0	1	0	0	0	0	1	0	1	1	0	1	1	1	1
1321	0	1	0	0	0	0	0	1	1	0	0	2	1	0	2	0	0	0	2	2	2
1322	0	0	1	1	1	0	0	1	0	1	2	1	0	1	1	0	0	1	1	1	1
1323	0	1	1	1	1	0	0	2	0	1	1	2	0	2	1	0	0	0	0	2	1
1324	0	1	0	0	1	0	0	1	0	1	0	1	1	1	1	0	0	1	0	1	2
1325	1	1	0	0	1	0	1	2	0	1	0	0	0	0	1	0	0	1	2	1	0
1326	0	0	0	1	2	0	0	2	0	2	1	1	1	0	1	1	1	0	0	0	0
1327	0	0	0	0	1	1	0	2	0	0	0	1	0	0	1	1	0	2	0	1	2
1328	0	0	1	2	0	0	0	1	0	1	1	1	1	0	0	0	0	0	1	0	2
1329	0	0	0	1	2	1	0	1	0	0	2	1	1	1	0	1	0	0	1	0	2
1330	0	0	0	2	0	0	0	1	0	0	0	0	0	1	1	1	0	0	2	2	2
1331	0	1	0	2	1	0	1	2	1	0	1	0	1	1	0	2	1	0	1	1	1
1332	1	0	0	1	0	0	0	0	0	2	2	2	0	0	1	0	1	0	1	1	1
1333	0	1	0	1	1	1	1	0	0	1	2	0	1	0	2	0	2	0	1	1	1
1334	0	0	0	1	0	1	1	2	0	2	1	0	0	0	1	0	0	0	2	1	0
1335	0	1	0	0	2	0	0	2	0	1	1	0	1	1	1	1	2	0	1	2	0
1336	0	0	0	1	1	0	0	2	0	2	0	1	1	2	1	0	0	0	2	0	1
1337	1	0	0	2	2	1	0	1	1	0	1	2	2	1	1	1	0	0	1	1	1
1338	0	0	0	1	0	0	0	1	0	2	1	1	1	2	0	0	1	1	2	1	0
1339	0	0	0	0	0	1	0	2	1	1	1	0	0	1	0	0	1	0	1	2	0
1340	1	0	0	1	1	0	1	1	0	0	0	1	2	0	0	0	1	1	0	0	0
1341	1	1	0	1	1	0	0	2	0	2	1	2	1	1	1	0	1	0	1	1	1
1342	0	1	0	1	2	0	0	1	0	1	0	1	0	1	2	0	0	0	0	1	2
1343	1	1	0	1	1	0	1	1	1	0	1	1	1	1	1	1	0	0	0	1	2
1344	0	0	0	0	1	0	0	1	1	1	1	0	1	0	2	0	0	0	1	1	1
1345	0	0	0	0	1	0	0	1	1	1	0	1	1	1	0	0	0	0	1	1	1
1346	0	1	0	1	0	0	0	1	0	0	0	0	1	0	0	1	0	0	1	2	0
1347	0	0	1	1	1	0	1	2	1	1	1	0	1	0	0	0	1	0	0	2	1
1348	1	0	0	1	2	0	0	1	1	0	1	0	1	1	1	0	0	0	1	2	0
1349	0	0	0	1	0	0	1	1	0	0	1	1	1	2	2	0	0	2	1	2	0
1350	1	0	1	1	1	0	1	1	0	1	1	1	0	2	0	0	1	0	1	1	1
1351	0	0	0	0	1	0	0	1	0	0	0	1	1	0	2	0	0	1	0	2	1
1352	0	0	1	0	1	0	0	2	0	1	0	0	0	0	1	0	1	1	2	0	1
1353	0	0	0	1	1	0	0	1	0	0	0	0	1	1	1	1	1	0	2	0	1
1354	0	1	0	1	1	1	1	1	0	1	0	1	2	0	1	1	0	1	1	1	1
1355	0	1	0	1	1	0	1	1	1	2	1	1	1	1	1	0	0	2	1	1	1
1356	0	0	1	0	1	0	0	2	1	2	2	0	1	2	1	1	0	0	1	1	1
1357	0	0	0	1	1	0	0	1	2	1	1	1	0	1	0	1	0	1	0	2	1
1358	1	0	2	2	1	0	0	1	0	1	1	0	1	1	1	0	0	2	1	0	2
1359	0	0	0	2	2	0	1	0	0	0	1	2	1	1	0	0	1	0	2	1	0
1360	0	1	0	1	1	0	2	2	0	1	0	0	0	0	0	1	0	0	1	1	1
1361	0	2	0	0	1	0	0	0	0	0	1	1	0	0	1	0	1	0	1	1	1
1362	0	1	0	1	0	0	1	2	0	1	0	0	1	1	1	0	0	1	2	1	0
1363	0	0	0	1	0	0	0	0	0	1	2	2	1	1	1	0	0	1	1	1	1
1364	0	1	0	0	0	0	1	1	0	0	1	1	1	0	1	0	1	0	0	1	2
1365	0	0	0	1	0	0	0	0	1	0	1	0	2	2	1	0	1	1	2	0	1
1366	0	0	0	1	2	0	0	1	0	0	0	1	0	0	0	0	0	1	2	1	0
1367	0	1	0	1	1	0	0	0	0	1	0	0	1	1	1	0	0	0	1	1	1
1368	0	0	0	1	1	1	1	2	0	1	1	0	2	0	2	0	2	0	0	0	0
1369	0	1	0	2	1	0	0	0	0	0	0	1	2	0	0	1	0	1	1	0	2
1370	1	1	0	1	1	0	0	0	0	1	1	0	1	0	0	0	0	1	1	2	0
1371	0	0	2	0	2	0	0	1	0	0	2	2	0	0	1	1	0	0	1	0	2
1372	0	0	0	1	1	0	0	1	0	0	1	2	0	0	1	0	2	0	1	0	2
1373	0	0	0	1	1	0	0	0	0	1	1	1	1	1	1	1	0	0	0	2	1
1374	0	1	0	0	0	0	1	0	0	1	0	1	1	0	0	0	0	0	1	1	1
1375	0	1	0	1	2	0	1	1	0	0	1	1	1	1	0	0	2	1	1	0	2
1376	0	1	0	2	2	0	0	1	0	0	1	2	2	0	1	0	2	0	1	0	2
1377	1	0	0	0	0	0	0	2	0	0	0	1	2	1	1	0	1	0	2	2	2
1378	0	0	0	1	1	1	0	2	0	1	0	1	1	1	0	0	0	2	2	1	0
1379	0	0	0	1	1	1	0	1	0	2	1	1	0	0	1	0	1	0	1	1	1
1380	0	1	0	0	2	2	2	2	0	2	0	2	0	1	0	0	1	1	1	0	2
1381	0	0	0	2	1	0	0	1	0	1	1	1	1	0	1	0	0	0	1	1	1
1382	0	0	0	0	1	0	0	2	0	0	1	1	1	1	1	0	1	1	1	0	2
1383	1	0	0	0	2	0	0	0	0	0	1	1	1	1	2	0	0	0	0	1	2
1384	0	0	0	0	2	0	0	0	0	2	1	1	1	1	1	0	0	1	1	2	0
1385	0	0	0	2	1	1	0	2	0	1	0	0	0	1	0	1	0	0	0	1	2
1386	0	1	0	0	2	0	0	1	0	1	0	1	2	1	0	0	0	0	1	1	1
1387	1	0	0	1	1	0	0	1	0	1	0	1	1	1	1	0	1	0	0	0	0
1388	0	0	0	1	0	0	0	0	0	0	0	2	1	1	2	1	0	0	0	1	2
1389	0	0	0	0	2	0	0	2	0	1	0	0	2	1	0	1	1	1	0	1	2
1390	0	0	0	1	2	0	1	0	0	0	1	0	1	0	1	0	0	0	1	0	2
1391	0	0	1	1	2	0	0	0	0	0	1	0	1	2	1	0	0	0	1	1	1
1392	0	0	1	1	0	0	0	1	1	0	1	0	1	2	0	0	0	0	2	1	0
1393	0	0	0	1	1	0	1	1	0	0	0	0	1	1	2	1	1	0	1	1	1
1394	1	1	0	0	1	0	0	2	0	1	0	1	2	1	0	0	1	0	0	1	2
1395	0	0	0	1	1	0	1	2	1	1	0	1	1	2	0	1	0	1	1	1	1
1396	0	0	0	2	2	0	1	1	0	1	0	1	0	1	0	1	1	1	1	1	1
1397	0	0	0	0	1	0	0	1	0	1	1	1	1	0	1	1	2	1	1	1	1
1398	1	1	0	2	0	0	0	0	0	0	1	0	0	1	1	0	1	0	1	1	1
1399	1	0	0	0	1	0	2	1	0	1	1	0	0	1	1	0	1	1	1	1	1
1400	0	2	2	0	2	0	1	1	0	0	1	0	0	2	0	1	1	0	1	1	1
1401	0	1	1	0	0	0	1	1	0	1	2	2	0	2	0	0	0	0	1	2	0
1402	0	1	0	0	0	1	0	2	0	0	1	1	2	1	1	0	1	0	0	1	2
1403	0	1	0	1	2	1	0	1	0	0	0	0	1	1	1	0	1	0	2	0	1
1404	0	1	1	2	0	0	0	2	0	0	2	2	0	1	0	0	0	0	0	2	1
1405	1	0	0	1	2	1	0	1	0	0	1	2	0	0	0	0	0	0	1	2	0
1406	1	1	0	1	1	0	0	2	0	0	0	1	0	0	1	0	0	0	0	1	2
1407	0	0	1	1	2	0	0	0	0	1	0	1	1	1	1	0	0	0	1	2	0
1408	1	0	0	1	2	1	0	2	0	1	1	1	1	2	1	0	1	1	1	0	2
1409	0	0	0	1	1	0	0	1	0	1	0	2	1	1	1	0	1	1	2	1	0
1410	0	1	1	0	2	0	0	1	0	0	1	1	0	0	2	0	0	0	0	2	1
1411	1	0	0	1	2	0	1	1	0	2	1	1	0	0	0	0	0	0	1	0	2
1412	0	1	0	0	1	0	0	1	0	0	1	1	1	0	1	1	1	0	1	1	1
1413	0	0	0	2	1	1	0	1	0	1	1	2	0	0	2	1	2	0	1	1	1
1414	0	1	0	0	1	0	0	1	0	2	2	0	0	2	0	1	2	1	2	0	1
1415	1	0	0	2	1	0	0	2	0	1	2	0	1	1	2	0	2	0	0	1	2
1416	0	1	2	0	1	0	0	1	0	2	0	2	1	0	0	1	1	1	2	1	0
1417	1	0	0	1	0	0	0	1	0	0	1	0	2	0	1	1	0	0	1	1	1
1418	0	0	0	2	1	0	0	2	0	0	1	1	0	1	1	0	0	0	1	1	1
1419	1	0	0	0	2	1	1	0	1	1	0	2	1	1	1	0	2	0	1	1	1
1420	1	0	0	1	1	0	0	1	0	0	1	1	0	2	1	0	1	0	2	2	2
1421	0	0	0	1	1	0	0	1	0	0	0	2	1	0	0	0	1	1	2	0	1
1422	0	0	1	0	0	1	0	0	0	0	1	2	0	0	1	0	1	1	0	1	2
1423	1	1	1	0	0	1	1	2	0	0	0	1	2	1	1	0	1	0	2	1	0
1424	0	1	0	1	1	0	1	2	0	1	0	0	1	2	1	0	0	0	1	0	2
1425	0	0	0	0	2	0	1	1	0	0	1	0	0	0	2	0	0	0	2	1	0
1426	0	2	0	1	2	1	1	1	0	0	0	0	0	0	1	0	1	0	0	0	0
1427	0	0	0	0	1	0	0	1	0	0	1	0	0	1	2	0	1	1	2	1	0
1428	0	1	0	2	1	0	0	0	0	0	1	0	0	0	1	0	1	0	1	2	0
1429	0	1	0	2	1	0	0	1	0	1	1	1	1	1	2	0	1	0	1	2	0
1430	0	1	1	1	0	0	0	1	0	2	1	1	1	1	0	0	0	0	1	2	0
1431	0	1	0	2	2	0	0	1	0	0	2	0	0	0	1	1	0	0	0	1	2
1432	0	0	0	2	2	0	0	1	0	0	1	1	1	0	0	0	2	1	1	2	0
1433	0	0	0	1	0	1	1	1	0	1	0	2	2	0	0	0	0	0	1	0	2
1434	0	1	0	1	1	0	0	1	0	1	1	0	1	0	1	0	2	0	0	0	0
1435	0	0	1	0	1	0	1	2	0	0	1	2	1	1	1	1	0	1	1	2	0
1436	0	1	0	0	1	0	0	1	0	0	1	1	0	1	2	0	0	0	0	1	2
1437	0	1	0	0	2	1	1	0	0	0	1	2	1	0	1	0	0	1	2	1	0
1438	0	0	0	0	1	0	1	2	0	1	0	1	1	1	1	0	0	0	2	1	0
1439	0	0	0	1	1	0	0	2	0	0	0	2	1	0	0	0	1	0	1	0	2
1440	0	0	0	1	1	0	1	0	0	0	0	1	0	1	0	0	1	0	1	2	0
1441	0	0	0	0	1	0	0	0	1	0	1	1	0	2	0	0	0	0	2	1	0
1442	0	0	1	1	1	0	0	1	1	1	0	0	1	1	0	0	2	0	1	0	2
1443	0	1	1	0	1	0	0	0	0	0	0	1	0	0	1	1	1	0	1	2	0
1444	1	1	0	0	0	0	0	0	0	0	1	1	1	1	2	0	1	0	1	0	2
1445	0	0	1	1	1	0	1	1	1	1	1	2	1	1	0	0	0	0	2	1	0
1446	1	0	0	1	0	0	0	1	0	1	0	1	1	2	1	0	1	0	2	2	2
1447	1	0	0	0	1	0	0	1	0	0	1	1	1	1	0	0	1	1	2	1	0
1448	1	0	0	2	0	0	1	0	0	0	1	0	2	0	0	1	0	0	2	1	0
1449	0	0	0	0	2	0	0	2	0	2	1	2	1	0	1	1	0	0	0	1	2
1450	1	1	0	1	1	0	0	1	0	1	1	1	1	2	0	0	1	0	1	0	2
1451	1	0	0	1	0	1	1	1	0	0	0	0	0	1	1	1	2	0	0	1	2
1452	0	1	0	0	2	0	0	0	0	0	0	0	0	0	2	0	0	0	2	2	2
1453	0	0	1	2	1	1	1	2	0	0	1	1	1	1	1	0	0	0	2	1	0
1454	1	1	0	2	1	0	1	0	0	2	0	0	0	2	1	0	0	0	1	2	0
1455	0	1	0	1	1	0	1	1	0	0	2	1	1	1	1	0	2	0	2	2	2
1456	0	1	0	0	1	0	1	2	0	0	0	1	1	1	2	0	0	1	0	1	2
1457	0	0	1	0	0	0	0	2	1	0	0	2	2	0	1	0	2	0	1	0	2
1458	0	1	0	1	2	0	0	0	0	0	1	1	0	1	0	0	0	1	1	0	2
1459	0	0	0	1	0	0	1	1	0	0	0	1	1	1	2	0	1	0	0	0	0
1460	1	1	0	0	1	1	1	1	0	0	1	0	0	0	1	0	0	0	2	1	0
1461	0	1	0	1	0	0	1	2	0	1	1	1	1	1	0	0	0	0	2	1	0
1462	0	1	0	1	2	0	1	2	0	0	0	1	0	1	0	1	0	0	2	1	0
1463	0	0	0	0	1	0	0	1	1	0	2	1	2	1	0	0	0	0	1	2	0
1464	1	0	0	1	1	1	0	1	0	1	1	1	0	1	1	2	0	0	0	1	2
1465	0	1	0	0	0	0	2	2	0	0	1	2	0	0	1	0	1	1	1	2	0
1466	1	1	1	1	1	1	0	1	0	1	1	1	1	1	1	0	0	0	1	2	0
1467	1	1	1	1	1	0	0	1	0	0	2	0	1	2	0	2	0	0	2	2	2
1468	0	0	0	1	0	0	0	2	0	0	0	1	0	1	1	0	0	0	2	2	2
1469	1	1	0	1	1	0	0	1	0	0	2	2	2	1	1	0	1	0	1	2	0
1470	0	0	0	1	2	1	1	0	0	0	2	1	1	1	1	1	0	0	1	0	2
1471	1	0	0	1	2	1	1	1	0	0	1	0	2	2	0	0	0	0	2	1	0
1472	0	0	0	2	2	0	0	1	0	1	0	1	2	1	1	1	1	0	1	2	0
1473	1	1	0	1	1	1	1	0	0	0	0	0	0	0	0	0	0	0	2	1	0
1474	0	0	0	2	1	0	0	1	0	1	2	1	0	1	1	1	1	2	0	1	2
1475	1	1	0	1	0	0	2	1	0	0	1	0	0	2	1	0	0	0	1	0	2
1476	1	1	0	2	1	0	0	2	0	0	0	0	2	2	0	1	0	0	2	1	0
1477	0	1	1	1	2	0	1	1	0	2	0	1	0	0	1	0	0	0	1	2	0
1478	0	0	0	1	0	1	0	1	0	2	1	2	1	1	1	0	1	1	0	1	2
1479	0	0	0	0	2	1	1	1	0	0	0	1	2	2	2	0	1	0	1	0	2
1480	0	0	0	0	0	1	1	1	0	1	1	1	0	0	2	0	0	0	2	2	2
1481	0	0	0	0	2	1	0	1	0	2	1	2	1	1	1	0	1	0	0	0	0
1482	0	1	0	1	2	1	2	1	1	1	0	1	1	0	0	0	0	1	0	1	2
1483	1	0	0	0	2	0	0	2	0	1	0	1	1	1	1	0	1	1	1	2	0
1484	0	1	0	1	0	0	0	2	0	0	2	1	0	2	0	0	0	0	2	1	0
1485	0	0	1	2	0	1	1	1	1	0	1	0	1	1	2	0	0	0	1	0	2
1486	0	1	0	1	2	0	1	1	0	1	0	1	2	2	0	0	2	0	0	0	0
1487	0	1	0	0	1	0	0	1	0	0	0	1	0	2	0	1	0	1	2	1	0
1488	0	0	1	0	0	0	1	1	0	0	0	1	1	0	0	0	0	1	2	1	0
1489	1	1	0	2	1	0	0	2	0	1	2	1	0	1	1	0	0	0	0	1	2
1490	1	0	0	1	0	0	1	1	0	0	1	1	1	1	0	1	1	0	1	2	0
1491	1	1	0	2	1	0	0	1	0	1	1	1	1	1	0	0	1	1	2	2	2
1492	0	0	1	1	2	0	1	0	0	0	1	1	1	1	1	1	1	0	1	0	2
1493	0	0	0	1	2	1	0	2	0	1	1	0	1	0	1	0	0	1	0	1	2
1494	1	0	0	0	1	0	0	1	1	1	0	2	0	0	1	1	1	2	2	1	0
1495	0	0	0	2	0	0	0	1	0	0	0	0	2	0	2	0	0	1	2	1	0
1496	0	1	0	0	1	0	0	0	0	0	0	2	0	2	0	0	1	1	1	2	0
1497	0	1	0	1	0	0	0	2	0	1	1	0	2	1	1	0	1	1	2	2	2
1498	0	0	0	1	1	1	1	1	0	1	0	0	2	0	2	0	0	2	0	1	2
1499	1	0	0	2	0	0	1	0	0	0	0	1	0	1	0	0	1	0	0	1	2
1500	1	0	0	0	0	0	0	2	0	2	0	1	1	1	1	1	0	0	0	0	0
1501	0	0	0	0	0	0	2	2	0	1	1	1	1	0	1	1	1	0	2	1	0
1502	0	0	0	2	0	0	0	2	0	1	1	0	2	1	0	0	1	1	1	2	0
1503	0	0	0	1	0	1	0	1	0	0	1	0	2	1	0	1	1	0	0	1	2
1504	0	0	0	1	0	0	0	1	0	1	2	0	1	1	0	0	0	0	1	0	2
1505	0	1	0	0	1	0	1	1	0	0	2	0	0	1	0	0	0	0	1	2	0
1506	0	0	1	1	1	0	0	1	0	1	1	1	1	0	2	0	1	0	0	1	2
1507	0	1	1	1	1	0	0	1	1	0	0	0	0	0	1	0	1	1	0	0	0
1508	0	0	0	1	2	0	0	0	0	1	1	1	0	0	2	0	0	0	2	1	0
1509	0	1	1	1	2	1	0	1	1	0	0	1	1	1	1	0	1	0	2	2	2
1510	0	0	0	0	0	0	0	1	0	1	0	0	1	0	0	0	1	0	1	0	2
1511	1	0	0	1	1	0	0	1	0	2	1	1	1	1	1	1	1	1	1	2	0
1512	0	0	0	0	2	0	1	2	0	0	1	0	0	0	1	1	1	1	0	1	2
1513	0	1	0	0	2	0	0	1	0	1	0	0	0	1	1	1	0	0	0	1	2
1514	1	0	1	0	1	1	0	0	0	1	1	2	0	0	0	0	2	0	2	1	0
1515	0	0	0	0	2	1	1	1	0	2	0	1	2	1	0	1	1	0	1	0	2
1516	0	1	0	1	0	1	0	2	0	1	0	0	1	2	0	0	0	1	0	1	2
1517	0	0	1	1	0	0	0	2	0	0	0	2	1	0	1	1	0	0	1	0	2
1518	0	0	0	0	0	0	0	1	0	1	1	1	1	1	0	0	1	0	1	0	2
1519	0	0	0	1	1	0	0	2	0	1	2	2	1	1	0	0	1	0	0	0	0
1520	0	2	0	1	0	0	0	2	1	2	0	1	2	0	1	0	0	0	0	1	2
1521	0	0	0	0	1	1	0	1	0	0	0	2	1	1	1	0	1	0	0	0	0
1522	1	1	1	1	1	0	0	1	0	1	0	1	1	1	1	1	1	0	0	1	2
1523	0	0	0	1	1	0	0	2	0	1	0	0	1	2	0	1	0	2	1	2	0
1524	0	1	0	0	1	0	0	2	0	1	1	0	1	2	1	0	0	0	1	2	0
1525	0	0	0	1	0	0	0	2	0	0	1	1	0	1	0	0	0	0	0	0	0
1526	0	0	0	0	2	0	1	2	0	1	1	1	1	1	1	0	2	0	0	0	0
1527	1	0	1	1	2	0	0	1	0	0	1	2	2	1	0	0	0	0	1	0	2
1528	0	0	1	1	2	0	0	0	0	0	1	2	1	1	1	1	2	0	1	2	0
1529	0	0	0	0	1	0	1	1	0	1	2	2	0	1	1	0	0	1	2	1	0
1530	0	1	0	1	2	0	0	1	0	2	0	1	0	0	0	1	1	1	1	0	2
1531	1	1	0	2	1	0	0	1	0	1	1	1	1	0	2	0	0	0	0	0	0
1532	0	1	0	1	0	1	1	2	0	0	2	0	1	1	1	0	1	1	2	2	2
1533	0	0	1	1	1	0	1	1	1	1	1	0	0	0	1	0	1	0	1	2	0
1534	1	0	0	1	1	0	0	1	0	1	1	1	1	1	1	0	1	0	2	1	0
1535	1	0	0	1	1	0	1	0	0	2	0	1	1	0	0	0	1	1	1	0	2
1536	0	0	1	1	2	0	0	1	0	0	0	0	1	0	0	0	0	0	0	1	2
1537	0	1	0	1	1	0	0	2	0	0	0	0	1	2	1	1	1	0	2	1	0
1538	0	1	0	1	1	0	0	0	0	1	0	2	1	1	1	0	1	1	0	1	2
1539	0	0	0	2	1	0	0	1	0	0	1	0	0	0	0	0	0	1	2	1	0
1540	0	0	0	0	1	0	0	1	0	1	1	2	2	0	1	0	2	0	2	2	2
1541	0	0	0	1	1	1	0	2	0	0	0	0	1	2	0	0	0	1	1	0	2
1542	1	0	0	1	1	0	0	1	0	1	1	1	0	1	2	1	0	0	2	2	2
1543	0	0	0	2	1	0	1	0	0	0	1	1	2	1	1	0	1	0	2	1	0
1544	0	0	1	0	0	0	1	1	0	1	1	0	0	0	1	1	1	0	2	1	0
1545	1	1	1	1	0	0	0	1	0	2	0	2	1	0	1	1	1	0	1	0	2
1546	0	0	1	1	1	0	0	0	0	0	2	1	1	1	1	0	1	0	1	2	0
1547	1	0	0	1	2	0	0	0	0	1	0	2	0	0	1	0	0	1	0	1	2
1548	0	0	0	0	1	0	0	0	0	1	1	0	1	1	2	0	2	1	2	2	2
1549	0	1	0	1	2	0	1	1	0	1	2	0	0	0	1	0	0	0	1	0	2
1550	0	0	0	1	1	0	0	1	0	0	0	0	1	1	1	0	0	0	0	1	2
1551	0	1	1	0	0	0	0	1	0	1	0	0	2	1	0	0	2	1	2	2	2
1552	0	0	0	1	0	0	0	0	0	0	2	1	2	1	0	0	0	0	1	0	2
1553	0	1	0	1	1	0	0	1	0	0	0	1	1	1	0	0	1	0	1	0	2
1554	1	1	0	1	0	0	1	0	0	0	2	2	0	1	0	1	1	0	1	2	0
1555	0	1	0	1	2	0	0	1	0	0	0	1	0	1	0	0	2	0	2	1	0
1556	0	0	0	2	2	1	0	2	0	0	0	2	2	0	1	0	2	0	0	1	2
1557	0	0	1	1	1	0	0	1	0	1	0	2	1	1	1	0	0	0	1	2	0
1558	1	0	1	2	1	0	0	1	0	0	1	0	2	1	0	1	1	0	2	1	0
1559	0	1	2	0	0	0	0	1	0	0	0	1	2	0	1	0	2	0	2	1	0
1560	1	0	0	1	2	0	0	1	0	0	0	1	0	1	1	1	1	0	1	0	2
1561	0	1	0	0	1	0	0	2	0	0	0	0	1	1	1	0	1	1	1	0	2
1562	0	1	0	1	0	0	0	1	0	2	0	0	1	0	2	0	2	1	0	1	2
1563	0	0	0	1	2	0	0	2	0	1	1	0	1	1	1	0	0	0	1	0	2
1564	0	0	1	2	0	0	1	1	0	2	1	2	0	1	2	0	0	1	1	2	0
1565	0	0	1	1	0	0	0	2	0	1	0	0	1	1	1	0	1	1	0	1	2
1566	0	0	0	2	1	0	0	1	0	0	1	0	0	1	1	0	0	1	1	0	2
1567	1	0	0	1	1	0	1	2	0	2	0	0	2	0	0	1	0	0	1	2	0
1568	1	0	0	2	1	0	0	1	0	1	0	2	2	1	0	0	1	0	2	2	2
1569	0	1	0	1	0	0	0	0	0	0	1	1	1	1	1	0	0	0	0	1	2
1570	0	1	1	0	2	1	0	1	0	2	0	2	0	0	1	1	1	0	1	0	2
1571	0	0	0	0	1	1	0	1	0	1	2	2	1	1	1	0	0	1	2	2	2
1572	0	0	1	0	0	0	0	0	0	0	1	2	1	1	1	0	0	0	2	1	0
1573	0	0	1	0	0	0	0	2	0	0	1	0	1	2	1	1	2	0	0	0	0
1574	0	1	0	2	1	0	0	1	0	2	1	0	2	1	1	0	0	1	2	2	2
1575	0	0	0	1	1	0	0	0	0	0	0	1	0	1	0	0	1	0	1	0	2
1576	0	0	0	0	1	0	1	1	0	1	1	0	1	2	0	0	0	0	0	0	0
1577	0	1	1	1	0	0	0	1	0	0	1	0	0	1	0	0	0	0	0	1	2
1578	0	1	0	2	1	0	0	1	0	0	0	1	2	1	0	0	1	0	2	1	0
1579	1	1	0	0	0	0	1	1	0	0	1	1	1	1	1	0	2	0	1	0	2
1580	0	0	1	0	0	0	0	1	0	1	1	0	0	1	1	1	1	1	2	1	0
1581	1	0	0	1	2	0	1	1	1	1	0	2	1	2	0	0	2	1	1	0	2
1582	0	1	0	1	1	0	0	1	0	0	2	1	1	2	0	1	2	0	1	0	2
1583	1	0	0	2	0	1	1	2	0	1	0	0	0	1	1	0	2	0	1	0	2
1584	0	1	0	2	2	0	0	1	0	1	1	0	1	1	1	0	2	1	0	0	0
1585	1	0	0	1	0	0	0	1	0	1	1	0	2	2	2	0	0	0	1	0	2
1586	0	0	0	1	0	0	0	0	0	1	2	2	1	1	1	1	0	0	1	2	0
1587	0	1	0	1	1	0	0	1	0	1	0	1	0	1	1	1	1	0	0	1	2
1588	1	0	0	2	2	0	0	1	0	1	1	1	2	1	1	0	0	1	0	0	0
1589	1	1	0	1	1	0	0	1	1	1	0	0	2	1	2	1	0	0	0	0	0
1590	0	0	0	2	1	0	0	2	0	1	1	1	0	1	0	0	1	0	2	1	0
1591	0	0	0	1	1	0	0	1	1	0	1	0	2	1	1	1	1	0	0	1	2
1592	1	0	0	1	1	0	0	0	0	0	1	1	1	2	1	0	2	0	2	1	0
1593	0	0	0	1	1	0	0	0	0	0	0	0	0	1	2	1	0	1	2	1	0
1594	0	1	0	1	0	0	1	2	0	0	1	2	1	1	1	1	1	1	1	2	0
1595	0	1	0	2	1	0	1	1	0	1	0	1	0	1	0	0	1	1	1	0	2
1596	0	0	0	2	1	0	0	0	0	2	2	0	2	0	0	0	1	2	1	2	0
1597	0	1	1	1	1	0	0	1	0	1	0	2	1	0	2	1	1	0	0	1	2
1598	0	0	0	2	0	0	0	1	0	1	1	1	2	0	0	0	1	0	2	1	0
1599	0	1	0	1	1	0	0	1	0	0	0	1	0	1	0	1	0	0	0	0	0
