	N0	N1	N2	N3	N4	N5	N6	N7	N8	N9	N10	N11	N12	N13	N14	N15	N16	N17	M0P0	M0P1	Class
0	0	0	0	0	1	1	1	0	0	0	0	0	1	2	2	0	0	2	1	2	0
1	0	0	0	1	1	0	0	1	1	2	0	0	0	0	1	0	1	1	1	1	1
2	0	1	0	1	1	0	1	2	0	0	0	0	0	0	0	0	1	1	1	2	0
3	0	0	0	1	2	1	0	1	0	1	0	0	0	1	0	0	0	2	1	1	1
4	0	1	0	1	1	0	1	0	0	0	0	0	0	1	2	0	2	0	0	1	2
5	0	1	0	1	0	1	0	0	1	0	0	0	0	2	1	0	1	1	0	2	1
6	0	1	0	1	2	0	0	1	1	1	0	0	0	0	2	0	1	0	0	1	2
7	0	0	0	1	0	0	2	1	1	0	0	0	0	1	1	0	0	2	1	1	1
8	0	1	0	0	1	0	0	0	2	0	0	0	0	1	2	0	1	0	0	0	0
9	0	0	0	0	0	0	0	1	1	0	0	0	0	1	0	0	2	2	2	2	2
10	0	1	0	0	0	0	2	0	2	0	0	1	1	2	0	0	0	1	0	0	0
11	0	2	0	0	0	0	1	1	0	0	0	0	0	0	0	0	1	1	1	2	0
12	0	2	0	0	1	0	0	0	0	1	0	0	0	1	0	0	1	2	2	1	0
13	0	0	0	0	2	1	2	0	2	0	0	0	0	1	1	0	0	1	1	1	1
14	0	1	1	0	2	1	1	1	1	0	0	0	0	0	0	0	1	2	0	0	0
15	0	0	1	0	1	0	1	1	1	0	0	0	1	1	1	0	2	0	2	1	0
16	0	2	0	0	0	0	1	1	0	0	0	0	1	1	2	0	1	1	1	0	2
17	0	1	0	0	0	0	1	1	0	0	0	0	1	0	1	0	2	2	2	1	0
18	0	1	0	1	1	1	2	1	1	0	0	0	0	1	0	0	1	2	2	1	0
19	0	1	0	1	0	0	1	0	0	0	0	0	1	2	1	0	2	1	1	0	2
20	0	2	0	1	1	1	1	0	2	0	0	0	0	0	2	0	1	1	1	1	1
21	0	2	1	1	0	0	1	1	0	1	0	0	0	2	1	0	0	1	1	1	1
22	0	1	1	0	0	1	1	0	0	1	0	0	0	1	0	0	1	1	1	0	2
23	0	1	0	0	0	0	0	2	0	0	0	0	0	0	0	0	1	1	1	2	0
24	0	2	0	0	0	0	0	0	1	0	0	0	1	2	1	0	2	0	1	1	1
25	0	1	0	0	2	0	1	0	0	1	0	0	0	0	1	0	1	1	2	2	2
26	0	0	0	0	1	0	1	1	0	0	0	0	1	1	1	0	1	1	1	1	1
27	0	1	0	2	2	0	0	0	0	0	0	0	0	1	2	0	1	0	1	1	1
28	0	1	0	2	1	0	2	0	1	0	0	0	0	0	1	0	2	0	2	0	1
29	0	1	1	1	1	1	1	1	1	0	0	1	0	0	1	0	2	0	1	1	1
30	0	1	0	1	0	0	2	2	0	0	0	0	0	0	2	0	1	1	0	1	2
31	0	0	0	1	0	0	0	1	0	0	0	0	1	1	1	0	0	1	0	0	0
32	0	1	0	0	1	1	0	0	0	0	0	0	1	1	2	0	0	1	1	2	0
33	0	1	0	1	0	0	0	1	0	0	0	0	0	0	0	0	0	2	0	0	0
34	0	0	0	1	0	0	0	1	1	0	0	0	0	1	0	0	0	1	0	0	0
35	0	1	1	0	0	0	0	0	0	1	0	0	0	0	2	0	1	0	0	0	0
36	0	0	1	1	1	0	2	0	1	1	0	0	0	0	1	0	2	0	2	0	1
37	0	1	1	0	0	0	0	1	1	0	0	0	0	0	0	0	0	0	1	1	1
38	0	0	1	0	1	0	0	1	0	0	0	0	0	1	1	0	1	0	1	1	1
39	0	1	0	0	1	0	0	1	0	0	0	0	0	1	1	0	2	1	0	0	0
40	0	1	0	0	2	0	2	1	1	2	0	0	1	1	0	0	2	0	0	2	1
41	0	1	0	1	2	0	2	2	0	1	0	0	1	0	0	0	1	0	1	1	1
42	0	1	0	0	0	0	0	1	0	0	0	0	0	0	2	0	0	0	2	0	1
43	0	1	0	2	2	1	0	1	0	0	0	0	1	1	0	0	1	1	2	1	0
44	0	2	0	0	1	0	1	0	1	0	1	0	0	0	1	0	1	1	0	0	0
45	0	1	0	0	2	1	0	0	0	0	0	0	0	1	0	0	1	0	2	1	0
46	0	2	0	2	1	0	1	2	0	0	0	0	0	2	0	0	1	1	0	2	1
47	0	0	0	1	2	1	0	0	2	0	0	0	1	1	1	0	0	0	1	1	1
48	0	1	0	0	1	1	0	2	2	0	0	1	0	1	1	0	0	2	1	0	2
49	0	1	0	0	0	1	0	2	0	0	0	1	0	1	0	0	2	2	0	2	1
50	0	1	0	0	2	0	0	0	1	0	0	0	0	1	1	0	2	1	1	1	1
51	0	1	0	0	1	0	1	2	1	1	0	0	1	1	0	0	1	2	1	2	0
52	0	1	1	1	2	0	1	0	1	0	0	0	0	1	2	0	2	1	0	2	1
53	0	2	0	1	0	0	0	0	0	0	0	0	1	2	0	0	1	1	0	1	2
54	0	2	0	1	1	0	1	1	0	0	0	0	0	2	1	0	2	2	1	1	1
55	0	1	0	1	2	0	1	0	0	0	0	0	0	1	1	0	0	1	1	2	0
56	0	1	0	0	0	1	0	0	1	0	0	0	0	0	0	0	2	1	2	2	2
57	0	1	0	2	1	0	1	1	0	0	0	0	1	1	0	0	1	2	1	1	1
58	0	1	0	1	1	0	0	2	1	0	0	0	0	2	1	0	1	1	0	1	2
59	0	0	0	1	1	0	1	2	1	0	0	0	0	0	1	1	1	1	1	0	2
60	0	1	0	1	2	1	1	1	2	0	0	1	0	1	0	0	0	0	2	1	0
61	0	2	0	0	1	1	2	0	2	0	0	1	0	0	1	0	1	0	2	1	0
62	0	0	1	0	1	0	0	1	2	0	0	0	0	0	1	0	2	0	1	1	1
63	0	2	1	2	1	0	2	0	1	1	0	0	1	0	0	0	1	1	1	1	1
64	0	1	0	1	1	1	0	1	2	0	0	0	0	1	1	0	1	2	2	0	1
65	0	2	1	1	1	0	0	1	0	0	0	0	0	0	2	0	2	0	0	1	2
66	0	1	1	0	0	0	2	0	0	1	0	1	0	1	1	0	1	1	0	0	0
67	0	1	1	0	2	0	1	2	1	0	0	0	0	1	0	1	1	0	2	1	0
68	0	1	0	0	2	0	1	1	1	0	0	0	0	0	2	0	0	0	1	1	1
69	0	0	0	0	2	0	0	0	0	0	0	0	0	1	0	0	2	0	0	1	2
70	0	2	0	0	2	1	1	2	1	0	0	1	0	0	1	0	0	1	0	0	0
71	0	2	0	1	2	1	1	0	0	0	0	0	1	1	0	0	1	1	2	1	0
72	0	1	1	2	0	0	1	1	2	0	0	0	0	2	2	0	2	1	1	2	0
73	0	0	0	1	1	0	1	1	0	0	0	0	2	1	1	0	0	1	1	2	0
74	0	2	0	0	1	0	0	2	1	0	0	0	0	2	0	0	2	0	1	1	1
75	0	1	1	0	1	1	1	1	2	0	0	0	0	1	1	0	1	0	1	0	2
76	0	2	0	1	0	0	1	1	2	0	0	0	0	0	1	1	1	0	0	2	1
77	0	1	0	0	1	0	0	0	0	0	0	0	0	0	0	0	1	1	1	1	1
78	0	0	1	0	1	0	1	2	0	0	0	1	0	0	0	0	1	1	2	0	1
79	1	1	0	0	1	0	0	1	1	0	0	0	1	1	2	0	1	1	0	1	2
80	0	1	0	1	2	0	2	1	2	2	0	1	0	0	1	0	1	0	0	1	2
81	0	1	0	0	1	0	0	0	1	0	0	0	0	0	0	0	2	0	1	1	1
82	0	1	0	1	1	0	2	0	2	0	0	1	0	0	0	0	1	2	1	0	2
83	0	1	1	0	1	0	1	1	1	0	0	0	0	0	1	0	2	0	1	2	0
84	0	0	1	0	1	0	1	0	0	0	0	0	1	1	2	0	1	0	0	0	0
85	0	1	0	0	0	0	1	1	1	0	0	0	0	1	1	0	0	0	2	2	2
86	0	0	0	0	1	0	0	0	1	0	0	0	0	1	1	0	1	1	0	0	0
87	0	1	0	1	1	0	1	1	0	0	0	0	1	1	1	0	1	0	0	2	1
88	0	1	0	0	0	1	1	2	0	0	0	0	0	1	1	0	1	0	1	2	0
89	0	1	0	0	1	1	1	0	1	0	1	0	0	1	1	0	0	1	0	1	2
90	1	2	0	0	0	0	1	1	0	0	0	0	1	1	1	0	1	2	2	1	0
91	0	0	0	0	1	0	1	2	0	0	0	0	1	1	2	0	1	0	1	2	0
92	0	1	0	0	1	0	1	2	1	0	0	0	0	1	2	0	0	2	0	2	1
93	0	1	0	0	1	0	0	1	0	0	0	0	0	2	1	0	2	2	0	0	0
94	0	1	0	0	1	1	0	1	0	0	0	0	0	0	1	0	2	1	1	2	0
95	0	1	0	0	2	1	1	0	1	0	0	0	0	1	0	0	2	2	0	0	0
96	1	0	0	1	1	0	1	0	1	1	0	0	0	1	2	0	1	1	0	1	2
97	0	0	0	0	0	2	0	2	1	0	0	0	0	1	1	0	2	0	0	1	2
98	1	0	0	2	0	0	0	0	2	0	0	0	0	0	1	1	1	0	1	1	1
99	1	1	0	1	2	1	1	1	0	0	0	0	0	1	0	0	1	1	2	1	0
100	0	0	0	2	0	1	0	1	0	0	0	0	0	0	2	0	1	1	1	2	0
101	0	0	0	1	0	1	0	0	0	0	0	0	0	1	1	0	1	1	1	2	0
102	0	0	1	0	1	1	1	1	1	0	0	0	1	0	0	0	0	1	1	1	1
103	0	0	2	0	0	0	0	1	1	0	0	1	0	1	1	0	2	2	1	2	0
104	0	1	0	0	2	0	0	1	0	0	0	0	0	1	0	0	1	2	0	1	2
105	0	0	1	1	0	1	0	2	1	0	0	0	0	0	0	0	0	1	1	1	1
106	0	0	0	0	0	0	0	1	0	0	0	0	1	0	1	0	2	0	2	1	0
107	0	1	1	1	0	0	1	0	0	0	0	0	0	1	0	0	2	1	0	2	1
108	0	2	1	1	0	0	1	1	0	0	0	1	0	1	0	0	1	1	0	1	2
109	0	0	0	1	1	1	0	1	1	0	0	0	0	1	1	0	0	0	0	0	0
110	0	1	0	0	1	0	0	1	0	1	0	1	0	1	0	0	0	1	0	0	0
111	0	1	0	1	1	0	0	0	1	1	0	0	0	1	0	0	2	1	1	0	2
112	0	1	1	1	1	1	1	0	1	0	0	0	0	1	0	0	1	1	1	0	2
113	0	0	0	0	0	0	0	0	1	0	0	0	0	2	0	0	1	2	0	1	2
114	0	2	0	0	0	0	1	2	1	0	0	1	0	1	2	0	1	0	0	1	2
115	0	1	1	0	1	0	0	1	0	0	0	0	0	0	0	0	2	0	1	2	0
116	0	0	1	1	1	1	0	1	1	0	0	0	0	1	2	0	2	1	1	2	0
117	0	0	0	1	0	0	1	0	0	0	0	0	0	2	0	1	1	0	2	1	0
118	0	1	0	0	0	0	1	0	1	0	0	1	0	0	2	0	1	0	2	1	0
119	0	1	0	0	1	0	1	2	0	0	0	0	0	0	1	0	0	1	0	0	0
120	0	1	0	2	0	1	0	1	1	0	0	0	1	2	1	0	1	1	1	2	0
121	0	0	0	1	1	0	0	2	0	1	1	0	0	1	1	0	2	1	1	0	2
122	0	1	0	1	1	1	0	1	0	1	0	0	0	1	0	0	2	1	2	0	1
123	0	2	0	0	0	1	1	1	0	0	0	0	0	1	0	0	1	1	2	2	2
124	0	1	0	1	1	1	0	0	1	0	0	0	0	0	1	0	2	2	1	2	0
125	0	0	0	0	0	1	0	1	1	0	0	0	0	1	1	0	1	0	1	1	1
126	0	1	0	0	1	1	0	2	0	0	0	0	0	2	1	0	1	1	1	1	1
127	0	0	1	0	2	1	1	1	1	1	0	0	0	2	1	0	1	1	2	0	1
128	0	2	1	0	1	0	0	1	1	0	0	0	0	2	0	0	1	1	1	1	1
129	0	1	1	0	1	0	1	1	0	0	0	0	0	1	1	0	2	1	1	1	1
130	0	1	0	0	0	1	1	0	1	0	0	0	1	1	2	0	2	1	0	1	2
131	0	2	0	0	1	0	1	1	2	0	0	0	0	1	0	0	1	0	1	2	0
132	0	2	0	2	1	0	1	1	0	0	0	0	0	1	1	0	2	1	1	1	1
133	1	0	0	0	2	0	0	1	0	0	0	0	0	1	2	1	2	2	1	0	2
134	0	1	0	0	0	1	0	1	1	0	0	0	0	1	2	0	0	0	1	2	0
135	0	1	0	1	0	0	0	2	1	1	0	0	0	0	0	0	1	1	0	0	0
136	0	0	0	0	2	0	1	2	1	0	0	0	0	1	2	0	1	1	0	0	0
137	0	2	0	1	0	2	0	0	2	0	0	0	0	1	2	0	1	2	2	2	2
138	0	1	0	0	1	0	1	0	1	1	0	1	0	1	1	0	1	2	2	2	2
139	0	0	0	1	1	0	0	1	0	0	0	0	0	1	0	0	1	0	1	2	0
140	0	1	0	0	1	0	0	0	2	0	0	0	0	1	0	0	1	1	1	1	1
141	0	1	0	0	2	0	0	1	0	1	0	0	0	2	2	0	1	1	2	1	0
142	0	0	0	2	1	0	2	1	2	0	0	0	0	1	1	0	1	1	0	1	2
143	0	2	0	0	1	0	0	1	1	0	0	0	0	1	0	0	2	2	1	2	0
144	0	2	1	1	1	1	2	1	1	0	1	0	1	2	2	0	1	0	1	2	0
145	0	1	0	1	0	1	0	1	1	0	0	0	0	0	1	0	1	0	1	0	2
146	0	1	0	1	1	0	0	1	1	0	0	0	0	1	1	0	1	2	1	0	2
147	0	1	0	0	1	1	1	0	1	0	0	0	0	2	1	0	1	2	1	1	1
148	0	1	0	0	0	0	1	1	1	1	0	1	1	1	1	0	1	1	1	1	1
149	0	0	1	0	1	1	0	1	1	0	0	0	0	1	0	0	1	0	0	1	2
150	0	1	0	0	0	1	0	0	2	0	0	0	0	0	1	0	0	2	2	1	0
151	0	1	0	2	2	0	0	0	2	0	0	0	0	1	2	1	1	2	0	1	2
152	0	0	0	2	1	1	0	1	0	0	0	0	0	0	1	0	1	1	1	1	1
153	0	0	0	0	1	0	1	2	0	1	0	0	0	1	0	0	2	1	2	2	2
154	0	2	0	0	0	0	0	0	2	0	0	0	0	0	0	1	1	1	0	0	0
155	0	1	0	1	1	0	0	0	1	0	0	1	1	2	0	0	1	1	2	1	0
156	0	2	0	0	0	0	0	1	2	1	1	0	0	0	1	0	1	1	0	1	2
157	0	0	0	1	2	0	1	1	0	0	0	0	0	1	1	0	1	1	0	1	2
158	0	0	1	0	1	0	0	2	2	0	0	1	0	2	2	0	0	2	2	1	0
159	0	0	1	1	1	1	0	1	1	0	0	0	0	1	2	0	2	1	1	2	0
160	0	1	0	1	0	0	1	2	1	0	0	0	0	1	1	0	1	0	2	2	2
161	0	1	1	1	0	0	1	1	0	0	0	0	2	1	1	0	1	1	0	1	2
162	0	0	0	1	0	1	0	2	0	0	0	0	0	1	0	0	1	0	2	1	0
163	0	2	2	2	0	0	0	1	2	0	0	0	0	1	2	0	0	2	1	1	1
164	0	0	0	2	1	2	0	0	1	0	0	0	1	1	1	0	2	0	1	1	1
165	1	1	0	0	1	0	0	1	0	0	0	0	0	0	2	0	2	1	0	1	2
166	0	1	1	1	1	1	0	1	1	0	0	0	0	2	0	0	2	1	0	1	2
167	0	2	0	0	1	0	0	0	0	0	0	0	0	0	1	0	0	0	0	0	0
168	0	0	0	2	1	1	1	0	2	0	0	0	0	0	1	0	1	1	0	0	0
169	1	1	0	0	0	0	1	2	2	0	0	0	0	1	1	0	1	1	1	0	2
170	0	1	0	0	2	0	0	0	0	0	0	0	0	0	2	0	1	0	1	1	1
171	0	0	1	0	0	1	0	1	0	0	0	0	0	0	1	0	0	1	2	1	0
172	0	1	0	0	0	0	2	2	1	0	0	0	0	1	1	0	1	2	1	1	1
173	0	2	0	0	2	0	2	1	1	0	0	0	1	1	1	0	1	0	2	0	1
174	0	0	0	0	0	0	0	0	0	0	0	0	0	2	0	0	1	2	1	0	2
175	0	0	0	0	2	0	1	2	1	0	0	1	0	2	2	0	1	1	2	1	0
176	0	2	0	0	2	0	0	0	2	1	0	0	1	1	1	0	1	2	0	1	2
177	0	1	0	1	0	1	0	1	2	0	0	0	0	1	1	0	1	0	2	1	0
178	0	0	0	0	1	1	1	2	2	0	0	1	0	1	2	0	1	1	1	0	2
179	0	1	1	0	1	0	1	1	1	0	0	1	0	2	1	0	1	2	2	1	0
180	0	0	1	1	1	1	1	2	0	0	0	0	0	1	1	0	2	2	2	1	0
181	0	2	0	0	0	0	1	1	0	0	0	0	0	2	1	1	0	0	1	1	1
182	0	1	2	0	0	0	1	1	1	0	0	0	1	1	1	0	2	0	1	2	0
183	0	1	0	0	1	0	1	0	0	0	0	0	0	2	1	2	0	0	2	1	0
184	0	1	0	1	1	1	1	2	1	0	0	0	1	0	1	1	1	0	2	0	1
185	0	0	0	1	1	1	0	0	0	0	0	0	1	2	1	0	1	1	1	2	0
186	0	1	0	1	1	0	0	2	2	1	0	0	0	1	1	0	1	2	1	1	1
187	0	0	0	0	1	0	0	1	1	0	0	1	0	2	0	0	0	1	0	0	0
188	0	0	0	2	2	1	0	2	2	0	0	0	0	0	0	0	1	2	2	0	1
189	0	1	0	0	1	0	0	1	2	1	0	0	0	1	2	0	1	2	1	0	2
190	0	1	0	2	1	1	2	2	1	0	0	0	0	2	1	0	1	1	0	0	0
191	0	2	0	0	1	0	1	0	0	0	0	1	0	2	1	0	1	1	0	2	1
192	0	0	0	1	2	0	1	1	1	1	0	0	2	1	1	0	0	1	1	1	1
193	0	0	1	1	0	0	2	0	0	0	0	0	0	1	2	0	0	1	1	2	0
194	0	1	0	0	0	0	0	0	1	0	0	0	0	0	0	0	2	2	1	0	2
195	0	0	0	0	0	1	0	1	1	0	0	0	0	0	1	0	2	1	1	2	0
196	0	1	1	1	0	1	1	1	1	1	0	0	0	0	2	0	2	2	2	2	2
197	0	1	0	0	1	1	1	1	1	0	0	0	0	1	2	1	2	0	2	0	1
198	0	1	0	1	1	0	1	1	0	0	0	1	0	1	2	0	0	0	2	1	0
199	0	1	0	0	1	1	0	1	0	0	0	0	0	0	1	0	0	2	2	0	1
200	0	2	0	0	1	0	1	0	0	0	0	0	0	0	0	0	1	1	0	1	2
201	0	0	0	1	1	0	0	0	0	0	0	0	0	2	2	0	1	1	2	0	1
202	0	1	0	1	1	1	1	1	1	0	0	0	0	2	0	0	1	0	0	2	1
203	0	0	1	0	2	0	2	1	0	0	0	0	0	1	0	0	0	1	1	1	1
204	1	1	0	0	1	0	1	1	1	0	0	0	0	1	0	1	1	0	2	0	1
205	0	1	0	1	1	0	1	0	0	0	0	0	0	2	1	0	2	1	0	0	0
206	0	0	1	2	0	0	1	1	1	1	0	0	1	0	2	0	0	1	0	1	2
207	0	1	0	1	0	1	1	2	2	0	0	1	0	0	0	0	1	0	2	1	0
208	0	1	0	0	1	1	1	1	1	0	0	0	0	0	1	0	1	1	2	1	0
209	0	1	0	0	2	1	1	1	2	0	0	0	0	2	2	0	1	1	1	2	0
210	0	0	1	1	1	1	1	2	0	0	0	0	1	0	1	0	2	2	1	1	1
211	0	1	0	0	1	0	1	2	0	0	0	0	0	1	1	0	1	1	2	1	0
212	0	1	0	2	1	1	0	1	1	0	0	0	0	1	0	0	0	2	2	1	0
213	0	0	1	0	1	0	0	2	0	0	0	0	0	2	0	1	2	1	1	1	1
214	0	0	0	0	2	1	0	2	0	0	0	0	0	2	2	0	0	0	1	0	2
215	0	1	1	0	0	0	1	2	2	0	0	1	1	2	1	0	0	1	1	1	1
216	0	2	0	0	1	0	1	2	1	1	0	0	0	0	0	0	0	0	0	0	0
217	0	1	0	0	0	1	0	2	1	1	0	1	0	1	0	0	2	1	0	2	1
218	0	2	0	1	0	0	1	1	1	1	0	0	1	2	1	0	1	1	1	1	1
219	0	2	0	0	1	1	1	1	0	0	0	0	0	2	2	0	1	0	0	1	2
220	0	0	0	0	0	0	1	1	2	0	0	0	1	0	0	0	1	2	2	1	0
221	0	1	0	1	0	0	0	0	0	0	0	0	0	1	1	0	2	2	1	1	1
222	0	0	1	2	1	0	1	1	1	0	0	0	1	0	1	0	1	1	1	0	2
223	0	1	0	2	2	1	2	2	0	1	1	0	0	0	1	0	1	0	2	0	1
224	0	1	0	1	1	0	1	2	1	0	0	0	0	2	1	0	2	1	2	2	2
225	0	0	2	1	1	1	0	2	1	0	0	0	2	2	1	0	0	1	2	0	1
226	0	0	0	2	1	0	1	0	1	0	0	0	0	1	1	0	1	1	0	0	0
227	0	2	0	0	1	0	0	0	1	0	1	0	0	0	1	0	1	1	1	1	1
228	0	1	0	1	1	1	1	2	1	0	0	0	0	0	1	0	1	2	1	0	2
229	0	1	1	1	1	0	0	1	1	0	0	0	0	0	0	1	1	0	1	1	1
230	0	1	0	0	1	0	1	0	1	1	0	0	0	1	0	0	2	1	0	1	2
231	0	1	1	1	0	0	1	1	1	0	0	0	1	2	0	1	1	0	1	2	0
232	0	0	0	1	1	0	0	0	1	0	0	0	1	0	0	0	1	1	1	1	1
233	0	0	0	1	2	0	0	0	2	1	0	0	0	1	1	0	1	2	1	0	2
234	0	0	0	1	0	1	2	2	0	0	0	0	1	2	1	0	2	1	1	0	2
235	0	1	0	0	0	0	0	0	1	0	0	0	0	0	0	0	2	1	0	2	1
236	0	2	0	1	0	0	1	1	1	0	0	0	0	0	0	0	1	1	1	1	1
237	0	0	0	0	1	1	1	0	0	0	0	1	1	1	1	0	0	1	1	1	1
238	0	0	1	0	1	0	0	2	2	1	0	0	0	0	0	0	2	0	1	2	0
239	0	0	0	1	1	1	0	2	0	1	0	0	0	1	0	0	1	0	0	2	1
240	0	1	0	0	1	1	1	0	1	0	0	0	0	2	1	0	1	0	1	1	1
241	0	1	1	0	0	0	0	2	1	1	0	0	0	1	0	0	2	2	1	2	0
242	0	1	0	1	1	0	1	1	1	0	0	0	0	2	1	0	0	2	1	0	2
243	0	1	0	1	1	0	2	2	2	0	0	0	0	0	1	0	0	1	1	0	2
244	0	0	0	0	0	0	1	1	0	0	0	0	0	1	1	0	1	1	1	1	1
245	0	1	1	0	1	0	1	0	0	1	0	0	0	2	2	0	1	0	1	1	1
246	0	0	0	2	2	1	0	0	1	0	0	1	0	0	0	0	1	0	1	1	1
247	0	1	0	1	1	1	1	1	1	0	0	0	0	2	1	1	2	0	1	1	1
248	0	1	0	1	0	0	0	2	0	0	0	1	0	0	0	0	2	0	0	1	2
249	0	2	0	1	1	0	0	1	1	0	0	0	0	0	2	0	1	1	1	1	1
250	0	2	0	1	1	1	0	2	0	0	1	0	1	1	2	0	1	1	2	1	0
251	0	1	0	0	2	0	0	2	1	0	0	0	0	0	1	0	2	2	2	0	1
252	0	1	0	0	0	0	1	1	0	0	0	0	1	1	1	0	1	1	1	0	2
253	0	0	0	0	1	0	1	1	2	0	0	0	1	1	1	0	2	2	1	2	0
254	0	1	0	0	1	0	1	0	0	0	0	0	0	1	2	0	2	1	1	1	1
255	0	1	0	0	2	0	1	1	1	0	0	0	0	2	1	0	1	1	1	0	2
256	0	1	0	1	1	0	2	0	1	0	0	1	1	1	0	0	1	2	0	0	0
257	0	0	1	1	1	0	0	1	1	0	0	1	0	1	0	0	1	0	1	0	2
258	0	0	1	0	1	0	0	0	2	0	0	0	1	1	1	0	2	2	2	2	2
259	0	1	0	1	0	0	0	2	2	0	0	0	0	2	2	0	2	1	2	1	0
260	0	0	1	0	1	1	1	1	0	0	0	0	0	2	1	0	2	1	1	1	1
261	0	1	0	0	1	0	0	2	0	0	0	0	0	1	2	0	1	1	2	2	2
262	0	0	1	0	2	0	0	0	1	0	0	0	0	1	2	0	1	1	1	1	1
263	0	0	1	0	2	1	1	0	0	0	0	0	0	1	1	0	1	2	0	1	2
264	0	0	0	0	2	0	0	1	1	0	0	0	1	0	2	0	1	2	1	2	0
265	0	1	0	1	0	0	1	1	1	0	0	0	1	0	2	0	1	1	1	0	2
266	0	1	0	0	2	1	0	0	0	0	0	0	0	0	2	0	1	0	1	2	0
267	0	2	0	0	1	0	2	1	0	0	0	0	0	0	2	0	1	0	0	1	2
268	0	1	1	1	2	0	1	1	1	0	0	0	0	2	1	0	1	1	2	2	2
269	0	0	0	1	0	0	0	1	0	0	0	0	1	1	1	0	1	0	1	1	1
270	0	1	0	0	1	1	1	1	2	0	0	0	0	0	1	0	0	1	0	1	2
271	0	0	0	0	1	1	1	1	0	0	0	0	0	1	2	0	0	0	2	2	2
272	0	1	0	1	0	1	0	0	0	0	0	1	1	1	1	0	2	0	2	1	0
273	0	1	0	0	1	1	0	0	0	0	0	0	0	1	1	0	2	1	1	1	1
274	0	0	0	1	1	0	0	1	0	0	0	0	0	1	1	0	1	1	0	1	2
275	0	0	0	1	0	1	0	1	0	0	0	0	2	1	2	0	0	0	1	1	1
276	0	0	0	1	1	2	1	1	1	0	0	0	0	0	1	0	1	1	2	2	2
277	0	0	0	1	1	0	0	0	1	0	0	0	2	0	2	0	0	1	2	1	0
278	1	2	1	1	1	1	2	1	2	0	0	0	0	1	1	0	1	1	2	2	2
279	0	0	0	0	1	0	2	1	0	0	0	0	0	1	0	0	0	0	2	2	2
280	0	0	0	0	1	1	1	1	2	0	1	0	0	2	0	0	1	1	0	1	2
281	0	1	0	0	1	0	1	1	1	0	0	0	0	2	0	0	0	1	2	0	1
282	0	1	0	0	0	1	0	1	0	0	0	0	1	2	1	0	1	1	1	1	1
283	0	0	1	0	0	1	0	0	1	0	0	0	0	2	1	0	1	2	1	0	2
284	0	2	0	1	0	0	1	2	1	0	0	0	1	0	1	1	2	1	1	1	1
285	0	0	1	0	0	2	1	0	0	0	0	0	1	0	1	0	1	1	1	2	0
286	0	0	0	1	2	1	0	2	2	0	0	0	0	0	1	0	1	1	1	0	2
287	0	1	0	1	2	0	1	1	0	0	0	0	0	1	0	0	1	1	1	0	2
288	1	1	0	0	1	1	1	1	0	0	0	0	1	0	0	0	0	2	1	0	2
289	0	2	0	0	1	0	1	1	1	0	0	0	0	2	0	0	2	2	2	1	0
290	0	1	0	1	1	0	0	1	1	0	0	0	0	2	1	0	1	1	1	1	1
291	0	1	1	0	1	0	1	1	2	1	0	0	1	0	0	0	1	0	0	0	0
292	0	1	0	1	1	0	1	1	2	0	0	0	0	1	0	0	0	1	0	1	2
293	0	0	1	1	2	0	1	2	0	0	0	0	0	0	1	0	0	1	0	0	0
294	1	1	0	1	0	0	0	1	0	0	0	0	0	1	0	0	1	0	1	1	1
295	0	1	0	2	1	1	1	1	1	1	0	0	0	1	0	0	1	1	0	0	0
296	0	2	1	1	0	1	0	0	1	1	0	0	0	1	1	0	0	0	1	0	2
297	0	0	1	1	1	1	1	1	1	0	0	0	0	1	1	0	2	1	2	2	2
298	0	0	0	1	1	0	2	0	0	0	0	0	0	0	1	0	1	0	1	1	1
299	0	1	1	1	2	1	1	2	1	1	0	1	0	2	1	0	2	2	0	2	1
300	0	0	0	1	1	0	0	2	0	0	0	0	1	1	1	0	0	1	0	0	0
301	0	1	1	1	0	0	1	1	0	1	0	0	0	0	1	0	0	1	2	1	0
302	0	0	0	1	2	0	1	0	0	0	0	1	1	2	2	0	2	1	1	1	1
303	0	2	0	0	1	0	2	1	0	0	0	1	0	1	2	0	1	2	1	1	1
304	0	1	0	0	1	1	0	1	1	0	0	0	0	1	1	0	2	1	1	1	1
305	1	1	0	2	0	0	1	0	0	0	0	0	0	1	1	0	1	1	1	0	2
306	0	2	0	1	1	0	0	0	0	0	0	0	1	2	1	1	1	1	2	0	1
307	0	0	0	0	1	1	2	2	2	0	0	0	0	1	1	0	1	0	1	2	0
308	0	1	0	1	0	0	1	0	2	0	0	0	1	0	2	0	1	1	1	1	1
309	0	1	0	1	2	0	0	1	1	0	0	0	0	2	1	0	1	0	0	1	2
310	0	0	0	0	1	0	0	1	2	1	0	0	1	0	0	0	1	0	0	1	2
311	0	0	0	0	0	1	1	0	1	0	0	0	0	0	0	0	2	0	1	1	1
312	0	0	0	0	0	0	0	0	2	0	0	0	0	0	1	0	1	1	1	2	0
313	0	0	0	1	0	0	1	2	0	0	0	0	1	1	1	0	2	0	0	0	0
314	0	1	0	2	1	0	0	2	2	0	0	0	1	1	1	0	0	0	2	1	0
315	0	2	0	1	1	1	0	0	1	0	0	0	0	1	2	0	1	0	0	0	0
316	0	0	0	1	0	1	0	2	1	0	0	0	1	1	2	0	2	1	2	0	1
317	0	0	0	1	1	0	1	1	1	0	0	0	1	1	0	0	1	2	1	0	2
318	0	1	0	1	0	0	1	1	1	0	1	0	0	1	2	0	1	1	2	2	2
319	0	2	0	1	1	1	1	0	0	0	0	0	0	1	2	0	1	1	1	0	2
320	0	1	0	0	2	0	1	0	0	1	0	0	0	0	0	0	1	2	0	2	1
321	0	2	0	0	1	0	1	1	1	0	0	0	0	0	1	0	2	1	0	0	0
322	0	1	0	0	1	0	0	1	1	0	0	0	2	1	2	0	2	2	2	0	1
323	1	0	0	0	1	0	1	0	1	0	0	0	0	0	2	0	0	1	1	1	1
324	0	1	0	1	0	1	0	1	0	0	0	0	1	2	2	0	0	0	0	1	2
325	0	1	0	0	2	0	0	1	1	0	0	0	0	1	0	0	1	1	1	1	1
326	0	1	0	0	0	1	0	0	1	0	0	0	0	0	1	0	1	0	2	2	2
327	0	1	1	0	2	1	0	1	2	0	0	0	0	0	0	0	1	1	0	1	2
328	0	1	0	0	0	0	0	0	0	1	0	0	0	1	1	1	1	1	0	1	2
329	0	0	0	0	1	0	1	0	1	0	0	0	0	1	1	0	1	2	2	2	2
330	0	1	0	1	0	0	0	0	0	0	0	0	0	0	1	0	1	1	0	1	2
331	0	1	1	1	1	0	1	1	0	0	0	0	0	2	2	0	1	1	1	1	1
332	0	1	0	0	2	0	1	1	1	0	0	0	0	1	0	0	2	2	1	0	2
333	0	0	0	1	1	1	0	1	1	0	0	0	0	1	1	0	1	1	1	0	2
334	0	2	0	0	1	1	1	0	2	0	0	0	0	1	2	0	1	1	1	1	1
335	0	0	0	0	0	1	1	1	1	0	0	0	0	1	1	0	0	0	2	1	0
336	0	1	0	1	1	0	1	1	0	0	0	0	0	2	2	0	1	1	0	2	1
337	0	0	0	1	1	0	1	0	2	0	0	0	1	2	1	0	0	0	0	1	2
338	0	0	1	0	1	1	1	2	0	0	0	0	0	0	2	0	1	1	2	1	0
339	1	1	0	1	1	0	1	0	0	0	0	0	0	1	1	0	0	1	2	2	2
340	0	1	0	0	1	0	1	1	1	0	0	0	1	1	2	0	0	1	0	1	2
341	0	0	0	1	1	0	1	1	0	0	0	0	0	1	1	0	1	1	1	2	0
342	0	0	0	2	2	0	1	2	1	0	0	0	0	1	0	0	0	1	0	0	0
343	0	0	1	1	0	0	0	1	0	0	0	0	0	1	0	0	1	2	2	1	0
344	0	1	1	1	2	1	1	1	1	2	0	0	0	0	1	0	2	2	1	1	1
345	0	0	0	1	1	0	1	2	0	0	0	0	1	0	1	0	0	1	0	1	2
346	0	1	0	0	0	0	1	2	0	0	0	0	0	1	2	0	2	1	2	1	0
347	0	1	0	0	2	0	1	1	1	0	0	0	1	0	1	0	2	1	1	0	2
348	0	0	0	0	2	0	0	2	1	0	0	0	0	0	1	0	1	1	1	1	1
349	0	1	0	1	1	0	0	2	1	0	0	0	0	1	1	0	1	2	1	2	0
350	0	1	0	1	1	0	1	2	1	0	0	0	0	2	2	0	0	0	1	1	1
351	0	1	0	0	1	0	1	2	1	0	0	0	0	1	1	0	1	2	2	0	1
352	0	2	1	1	1	0	0	1	1	0	0	1	0	0	0	0	2	2	2	1	0
353	0	1	0	0	1	0	0	0	1	0	0	1	0	1	0	0	1	1	0	1	2
354	0	0	0	0	2	0	0	2	0	0	0	0	0	1	1	0	0	2	1	0	2
355	0	0	0	0	1	0	2	0	0	0	0	0	0	1	1	0	1	2	1	1	1
356	0	1	1	0	1	1	0	1	0	0	0	0	0	1	1	0	0	0	0	2	1
357	0	2	0	0	0	0	0	1	1	0	0	0	0	0	1	0	1	1	0	0	0
358	0	0	0	1	2	0	0	2	1	0	0	0	1	2	1	0	2	0	0	0	0
359	0	2	0	1	2	0	1	1	1	0	0	0	1	1	0	0	0	0	0	0	0
360	0	1	0	1	2	0	0	0	2	0	0	0	0	2	2	0	1	1	0	0	0
361	0	0	0	0	1	0	1	0	1	0	0	0	0	1	2	0	2	1	0	0	0
362	0	1	0	0	2	0	1	0	0	1	0	0	0	1	1	0	2	2	1	0	2
363	0	2	0	0	1	0	1	2	1	1	0	0	0	1	0	0	1	0	2	2	2
364	0	1	0	1	2	0	0	2	0	0	0	0	0	0	1	0	1	1	0	1	2
365	0	2	0	0	1	0	0	1	2	0	0	1	1	1	2	0	2	0	0	0	0
366	0	1	0	0	1	0	1	2	0	0	0	0	0	2	1	0	1	1	2	1	0
367	0	1	0	1	0	0	0	1	2	0	0	0	0	1	0	0	2	2	1	1	1
368	0	1	1	1	1	0	0	1	0	0	0	0	0	1	1	0	2	0	1	1	1
369	0	0	0	0	1	0	0	2	0	0	0	0	0	2	1	1	2	1	1	0	2
370	0	1	0	2	0	0	1	1	1	0	0	0	0	1	2	0	1	2	1	1	1
371	0	2	0	0	2	0	0	1	1	0	0	0	0	0	0	0	1	2	0	1	2
372	0	2	0	1	2	1	1	1	1	1	0	0	0	2	2	0	1	2	1	2	0
373	0	1	0	0	0	1	0	1	0	0	0	0	0	2	0	0	0	1	1	1	1
374	0	1	0	1	1	0	2	1	1	0	0	1	0	1	0	0	1	2	1	1	1
375	0	1	0	0	2	0	1	2	0	0	0	1	0	2	1	0	1	0	2	1	0
376	0	1	0	1	1	0	0	0	2	0	0	0	1	2	0	0	1	1	1	2	0
377	0	0	0	1	0	0	0	2	1	0	0	0	0	1	1	0	1	1	0	0	0
378	0	2	0	0	2	1	1	1	0	1	0	0	0	1	1	0	2	0	0	2	1
379	0	0	0	0	0	0	0	0	1	0	0	0	0	1	1	0	1	0	1	1	1
380	0	1	0	0	0	0	0	0	1	0	0	0	0	0	2	0	0	0	1	2	0
381	0	0	0	1	1	0	0	1	1	0	0	0	1	1	0	0	0	1	0	2	1
382	0	1	0	0	2	0	1	1	0	0	0	0	1	0	0	0	2	1	2	0	1
383	1	1	0	1	2	1	0	0	1	0	0	0	0	1	1	0	0	0	2	1	0
384	0	1	0	0	0	1	0	1	0	0	0	0	1	1	1	0	0	0	1	0	2
385	0	1	0	0	1	0	0	0	1	0	0	0	0	1	0	1	1	1	1	1	1
386	0	2	0	0	0	0	0	1	0	0	0	0	0	1	1	0	0	2	1	2	0
387	0	2	0	1	0	1	0	0	2	0	0	0	0	1	1	0	0	1	2	2	2
388	0	1	0	1	1	0	1	0	1	0	0	0	0	1	1	0	1	1	1	2	0
389	0	0	0	1	1	0	0	0	1	0	0	0	0	2	1	0	2	1	0	2	1
390	0	0	0	2	2	0	0	0	1	0	0	0	0	2	1	0	1	0	0	1	2
391	0	1	0	0	1	1	0	1	1	1	0	0	0	1	0	0	0	2	1	2	0
392	0	1	0	1	2	1	1	1	1	0	0	0	0	2	1	0	0	1	1	2	0
393	0	1	0	0	1	0	1	2	0	1	0	0	0	2	2	0	1	0	0	1	2
394	1	0	1	0	0	1	0	2	1	1	0	0	0	0	1	0	2	1	0	0	0
395	0	1	1	1	1	1	0	0	0	0	0	0	0	1	0	0	1	0	0	2	1
396	0	2	0	1	1	0	1	1	2	0	0	0	0	2	1	0	0	0	1	2	0
397	1	1	0	0	2	0	1	2	0	0	0	1	1	1	1	0	1	1	1	1	1
398	0	1	1	0	1	0	1	0	1	0	0	0	0	0	0	0	1	1	1	1	1
399	0	0	1	1	0	0	0	2	1	0	0	0	0	2	2	0	1	1	1	1	1
400	0	2	0	0	0	1	0	0	0	0	0	0	0	1	0	0	2	2	2	0	1
401	0	1	0	1	2	0	0	1	0	0	0	0	0	2	2	0	2	0	0	1	2
402	0	0	0	1	1	0	1	0	0	1	0	0	0	1	0	0	1	2	2	1	0
403	0	1	0	1	0	1	0	0	1	0	0	0	0	2	1	0	1	2	1	1	1
404	0	0	1	1	2	0	1	1	2	1	0	0	0	2	2	0	1	1	0	1	2
405	0	0	0	1	0	0	0	1	1	1	0	0	0	0	0	0	1	0	0	0	0
406	0	1	0	2	2	0	1	1	1	0	0	1	0	0	1	0	0	0	1	1	1
407	0	1	0	1	0	0	0	2	0	0	0	0	0	1	0	0	1	1	0	2	1
408	0	0	0	1	2	1	1	1	0	0	0	0	0	1	1	0	1	0	1	0	2
409	0	1	0	0	2	1	2	1	2	0	0	0	0	0	1	0	1	1	2	1	0
410	0	2	0	0	0	1	1	0	1	0	0	0	0	0	1	0	1	2	1	1	1
411	0	0	0	2	0	1	1	1	0	0	0	0	1	1	1	0	1	0	2	2	2
412	0	1	0	0	1	2	0	1	0	0	0	0	0	1	1	0	0	1	0	2	1
413	0	2	0	0	2	0	0	1	0	0	0	0	1	2	1	0	1	1	1	2	0
414	0	2	0	0	0	0	0	1	0	0	0	0	0	1	1	0	2	0	0	2	1
415	0	0	0	1	2	1	2	0	0	0	0	0	0	1	1	0	0	1	2	1	0
416	0	1	0	1	1	0	0	0	1	0	0	1	0	0	1	0	0	2	1	2	0
417	0	0	1	2	1	1	0	2	0	1	0	0	0	0	1	0	0	0	1	1	1
418	0	0	1	0	2	0	0	1	0	0	0	0	0	1	1	0	1	1	0	1	2
419	0	2	0	1	2	0	0	1	2	0	0	1	1	1	0	0	0	0	1	1	1
420	0	1	0	0	0	0	0	1	2	0	0	0	0	2	0	0	2	0	2	0	1
421	0	2	0	1	1	1	1	2	1	0	0	1	0	1	1	0	0	1	0	2	1
422	1	0	0	0	1	0	0	2	0	0	0	0	0	0	0	0	2	2	0	0	0
423	0	1	0	0	1	0	0	1	1	0	0	0	0	1	0	0	2	0	2	0	1
424	0	1	0	1	1	1	0	1	1	0	0	0	0	1	1	0	1	1	1	0	2
425	0	1	0	1	2	0	1	2	0	0	0	0	0	1	1	0	2	2	1	1	1
426	0	0	0	1	1	0	1	1	0	1	0	0	0	2	0	0	1	0	1	1	1
427	0	1	0	0	1	0	1	2	1	0	0	0	0	0	2	0	1	0	0	1	2
428	0	0	0	0	1	0	1	0	1	0	0	0	2	1	0	0	1	1	2	0	1
429	0	0	1	1	0	1	0	1	1	0	0	0	0	0	1	0	0	0	2	1	0
430	0	1	0	1	0	1	0	1	0	1	0	0	0	1	2	0	0	0	2	1	0
431	0	1	0	0	0	0	0	2	1	0	0	0	0	2	0	1	0	1	1	1	1
432	0	1	0	1	1	0	0	1	0	0	0	0	0	1	0	0	0	1	1	1	1
433	0	0	0	1	1	1	1	1	0	0	0	0	0	2	1	0	0	0	1	1	1
434	0	2	0	0	0	0	1	1	0	0	0	1	2	1	1	0	0	2	2	0	1
435	0	1	0	0	1	1	2	0	0	0	0	0	0	2	0	0	1	0	1	2	0
436	0	0	0	0	0	0	0	0	0	0	0	1	0	0	1	0	2	2	1	2	0
437	0	1	0	0	1	0	2	1	1	0	0	0	0	0	1	0	1	1	0	1	2
438	0	2	0	0	0	0	0	2	0	0	0	0	0	1	1	0	2	0	1	2	0
439	0	0	0	0	2	0	1	2	0	0	0	0	0	0	0	0	1	2	2	2	2
440	0	0	0	0	2	0	2	0	0	0	0	0	0	1	2	0	2	1	2	0	1
441	0	1	0	0	1	0	0	1	1	0	0	0	0	2	0	1	0	1	0	0	0
442	0	0	0	1	1	1	1	1	1	0	0	0	0	0	1	0	1	0	1	1	1
443	0	1	0	0	1	1	1	2	0	0	0	0	0	0	1	0	1	1	2	1	0
444	0	1	0	1	0	1	1	1	0	0	0	0	0	0	0	0	1	1	1	1	1
445	0	1	1	1	2	1	1	2	1	0	1	1	0	2	0	0	1	0	1	1	1
446	0	1	0	0	2	0	2	1	2	0	0	0	0	1	0	0	0	0	1	1	1
447	0	1	0	1	2	0	1	1	1	0	0	0	0	2	2	1	0	1	2	0	1
448	0	1	0	1	2	0	0	2	0	0	0	0	0	0	1	0	2	1	2	1	0
449	0	1	0	1	1	1	0	0	1	0	0	1	1	1	1	0	0	0	1	0	2
450	0	2	0	0	2	0	1	2	1	0	0	1	0	1	0	0	1	0	1	2	0
451	0	1	1	0	1	0	0	2	1	0	0	0	0	2	0	0	2	0	2	2	2
452	0	1	0	1	0	1	0	1	1	0	0	0	0	0	1	0	0	0	1	0	2
453	0	2	0	1	1	0	1	1	1	0	0	0	1	2	1	0	1	1	2	0	1
454	0	1	0	1	2	0	0	1	0	1	0	0	0	1	1	0	1	0	1	1	1
455	0	0	1	1	1	1	0	0	1	0	0	0	0	2	2	0	1	1	1	1	1
456	0	2	0	1	0	0	0	0	1	0	0	0	1	2	1	0	2	1	1	2	0
457	0	0	0	1	0	1	0	1	0	1	0	1	0	1	2	0	1	2	1	2	0
458	0	1	0	1	1	1	1	1	1	0	0	0	1	1	1	0	1	2	2	0	1
459	0	2	0	1	1	0	1	1	0	1	0	1	0	0	0	0	1	1	0	0	0
460	0	1	0	1	0	2	0	1	2	0	0	0	0	1	2	0	2	2	2	2	2
461	0	1	0	1	0	1	0	0	1	0	0	0	2	1	0	0	1	1	2	2	2
462	0	1	0	0	2	0	1	2	0	1	0	0	0	2	0	0	1	1	1	1	1
463	0	1	0	0	1	0	1	1	1	0	0	0	0	1	2	0	1	1	1	0	2
464	0	0	0	0	1	0	1	1	1	0	0	0	1	0	0	0	1	0	0	1	2
465	0	0	1	0	1	1	0	0	2	0	0	0	0	2	1	0	0	1	2	1	0
466	0	1	0	1	0	0	0	0	0	0	0	0	1	1	0	0	2	2	1	2	0
467	0	2	0	0	0	0	1	1	1	0	0	0	1	1	0	0	1	1	1	2	0
468	0	0	0	0	2	0	1	2	1	0	0	0	0	1	1	0	0	0	1	1	1
469	0	2	0	2	1	0	0	1	0	0	0	0	1	2	1	0	0	1	2	2	2
470	1	0	1	0	0	0	0	1	0	0	0	0	0	1	0	0	0	0	1	1	1
471	1	0	0	0	2	0	0	0	2	0	0	0	0	2	0	0	0	0	1	2	0
472	0	1	0	0	2	0	0	0	0	0	0	0	0	2	0	0	1	2	0	2	1
473	0	0	0	0	0	1	1	1	2	0	0	0	0	2	2	0	0	0	1	1	1
474	0	0	0	1	1	1	1	1	1	0	0	0	1	0	0	0	1	1	0	1	2
475	0	0	1	1	0	0	0	1	0	0	0	0	0	2	0	0	0	1	0	1	2
476	0	2	0	1	1	0	2	1	1	0	0	0	0	1	1	0	0	2	1	0	2
477	0	2	0	1	2	0	0	0	1	0	0	0	0	0	2	0	1	0	1	2	0
478	0	2	0	1	1	0	0	1	1	1	0	0	0	0	2	0	1	0	1	2	0
479	0	2	1	0	0	0	2	1	1	0	0	0	0	1	1	0	1	1	2	0	1
480	0	1	0	1	0	0	1	1	1	0	0	0	0	1	2	0	0	0	0	2	1
481	0	0	0	1	2	1	0	0	1	1	0	1	0	1	2	0	1	1	0	0	0
482	0	1	0	0	2	1	0	2	2	0	0	0	0	1	1	0	2	0	1	1	1
483	0	0	0	0	2	0	0	1	1	0	0	0	0	0	1	0	1	1	1	0	2
484	0	2	2	1	1	0	2	0	0	0	0	0	0	1	2	0	2	0	1	1	1
485	0	1	0	0	0	0	1	2	0	0	0	0	1	1	0	0	1	2	2	1	0
486	0	1	1	0	1	0	1	1	0	0	0	0	0	2	0	0	2	2	2	1	0
487	0	1	1	1	1	0	0	1	2	0	0	0	0	1	0	0	1	2	0	0	0
488	0	0	2	0	1	0	0	0	1	1	0	0	0	0	0	0	1	0	2	1	0
489	0	2	0	0	1	0	1	2	0	0	0	0	0	2	1	0	1	0	0	1	2
490	0	1	0	0	0	1	0	1	0	0	0	1	0	2	0	0	2	1	0	1	2
491	0	0	0	1	1	1	1	0	0	1	0	1	0	1	1	0	1	0	2	0	1
492	0	0	1	0	1	1	1	1	0	1	0	0	0	2	1	0	1	0	1	0	2
493	0	0	1	0	2	0	0	1	1	0	0	0	0	0	1	0	1	0	2	1	0
494	0	1	0	0	1	1	1	2	1	0	0	0	1	0	0	0	1	1	0	0	0
495	0	1	0	0	1	1	0	1	1	0	0	0	0	0	0	0	2	1	2	1	0
496	0	0	0	1	1	0	1	1	0	0	0	0	0	2	2	0	0	1	1	1	1
497	0	1	0	0	1	1	1	0	2	0	0	0	0	1	2	0	1	0	2	2	2
498	1	1	0	1	1	0	1	0	2	0	0	1	0	1	0	0	0	1	1	1	1
499	0	1	0	1	2	0	0	1	0	0	0	0	0	1	2	0	0	1	0	1	2
500	0	0	0	1	0	1	2	1	0	0	0	0	2	1	2	0	0	1	2	1	0
501	1	0	0	1	0	0	1	2	1	1	0	0	0	1	1	0	2	0	1	2	0
502	0	2	1	0	0	0	0	0	1	0	0	0	1	0	1	0	1	1	1	0	2
503	0	0	0	0	1	1	1	0	1	0	0	0	0	1	1	0	0	1	1	1	1
504	0	2	0	1	0	0	1	0	2	0	0	0	0	1	2	0	1	0	0	1	2
505	0	0	0	1	1	1	0	0	0	0	0	0	0	2	1	0	2	0	1	1	1
506	0	1	0	1	2	0	0	1	1	1	0	0	2	1	1	0	2	1	1	2	0
507	0	1	1	1	1	2	0	2	0	0	0	0	0	1	1	0	1	1	0	0	0
508	0	0	0	1	1	0	0	2	1	0	0	0	0	2	1	0	0	1	0	1	2
509	0	1	0	1	2	0	0	1	0	0	0	0	0	1	0	0	1	2	2	2	2
510	0	1	0	0	0	0	0	0	0	0	0	0	0	1	0	0	0	2	2	1	0
511	0	1	1	0	0	0	0	2	0	1	0	0	0	1	1	1	0	2	0	1	2
512	0	0	0	1	1	1	0	0	1	0	0	1	1	1	1	0	1	1	2	1	0
513	0	2	1	1	1	0	1	1	0	0	0	0	1	1	1	0	1	0	1	2	0
514	0	0	1	0	1	0	0	1	1	0	0	0	0	1	1	1	0	2	0	1	2
515	0	0	0	1	2	1	0	2	2	1	1	0	0	1	2	0	0	0	2	0	1
516	0	2	0	1	1	0	1	1	0	0	0	0	0	1	1	0	2	0	1	2	0
517	0	0	0	1	1	0	0	2	0	0	0	0	1	1	2	0	2	1	2	2	2
518	0	0	0	0	2	2	0	0	0	0	0	0	0	1	1	1	2	0	0	0	0
519	0	2	0	0	2	0	0	0	1	0	0	0	0	0	0	0	0	0	1	1	1
520	0	2	0	1	1	0	0	2	0	0	0	0	0	1	2	0	0	0	2	2	2
521	0	1	0	1	1	0	1	0	1	1	0	0	0	1	1	1	2	2	1	1	1
522	0	1	0	0	0	0	2	0	1	0	1	0	0	2	1	0	2	2	1	1	1
523	0	2	0	0	0	0	1	1	1	0	0	1	0	1	2	0	0	0	1	0	2
524	1	0	1	1	1	2	1	0	1	0	1	1	0	1	0	0	2	1	2	0	1
525	0	0	0	1	1	2	1	1	1	0	0	0	0	0	2	0	1	1	2	0	1
526	0	1	0	0	2	0	2	2	2	0	0	0	1	1	2	0	1	0	1	0	2
527	0	2	0	0	1	0	1	1	1	0	0	0	1	1	0	0	0	0	2	0	1
528	0	1	0	1	0	0	1	2	1	0	0	0	0	1	1	0	2	2	2	0	1
529	0	1	0	0	0	1	1	1	2	0	0	0	1	0	2	0	2	1	2	0	1
530	0	1	0	1	2	0	0	0	1	0	0	0	0	2	0	0	0	2	0	2	1
531	0	0	0	0	1	0	0	2	1	0	0	0	0	1	1	0	1	1	1	0	2
532	1	0	0	0	0	0	1	0	1	1	0	0	0	0	0	0	0	0	0	2	1
533	0	0	0	0	0	0	1	1	0	0	0	0	0	1	0	0	1	1	0	1	2
534	0	1	0	0	0	1	0	0	2	0	0	1	1	0	0	0	0	0	0	1	2
535	0	1	0	0	0	0	1	0	0	0	0	0	0	0	1	0	2	1	1	1	1
536	0	2	0	0	1	0	0	0	1	0	0	0	0	0	1	0	0	0	2	1	0
537	0	0	0	0	1	1	0	1	1	0	0	1	0	2	0	0	1	0	1	2	0
538	0	1	0	0	1	1	0	1	1	0	0	0	0	2	1	0	1	1	0	1	2
539	0	1	0	2	1	0	0	1	1	0	0	0	0	0	0	0	2	2	0	1	2
540	0	1	1	0	0	0	0	0	2	0	1	1	0	1	1	0	1	2	0	2	1
541	0	1	0	1	0	1	1	0	1	1	0	0	0	0	1	0	1	2	0	2	1
542	0	1	0	0	1	0	0	2	0	0	0	1	0	1	1	0	1	1	1	1	1
543	0	0	1	0	1	0	1	0	2	0	0	0	0	0	0	0	0	1	0	0	0
544	0	0	1	1	2	2	0	1	1	0	0	0	0	1	0	0	1	1	0	1	2
545	0	0	1	0	2	0	1	0	1	1	0	0	0	0	0	0	0	0	0	0	0
546	0	2	1	1	1	0	1	0	1	0	0	0	0	0	1	0	0	0	1	1	1
547	0	1	0	0	1	0	0	1	1	1	0	0	0	1	2	0	2	2	1	1	1
548	0	1	0	1	1	0	1	0	2	0	1	0	0	2	1	0	1	2	1	1	1
549	0	2	0	0	1	0	0	0	1	0	0	0	0	2	1	0	1	0	1	1	1
550	0	1	0	0	2	0	0	2	0	0	0	0	0	0	1	0	1	0	2	1	0
551	0	1	0	0	2	0	1	1	0	0	0	0	0	2	2	0	1	1	2	1	0
552	0	2	0	0	1	0	0	0	2	0	0	0	0	2	1	0	0	1	0	0	0
553	0	1	0	1	0	0	1	2	0	0	0	0	0	0	1	0	1	1	0	1	2
554	0	0	0	0	0	1	0	1	0	0	0	0	1	0	1	1	1	2	0	1	2
555	0	1	0	0	0	0	1	1	1	0	0	0	0	2	0	0	2	2	1	1	1
556	0	1	0	1	2	0	1	0	1	0	0	0	0	1	1	0	1	0	1	0	2
557	0	1	0	0	1	0	1	0	1	0	0	0	0	2	0	0	2	0	0	0	0
558	0	1	1	1	1	1	1	2	0	0	0	0	0	1	0	0	0	1	1	1	1
559	0	1	0	0	2	0	0	1	0	1	0	0	1	0	2	0	1	2	1	1	1
560	0	1	1	0	1	0	1	2	1	0	0	0	0	0	1	0	1	2	2	2	2
561	0	0	1	1	1	0	0	1	0	0	0	0	1	1	1	0	0	2	0	1	2
562	0	0	0	1	0	1	0	1	1	0	0	0	0	1	1	0	1	0	1	0	2
563	0	1	0	1	0	0	1	1	2	0	0	0	0	0	0	0	0	1	2	1	0
564	0	2	0	0	2	1	0	0	0	1	0	0	0	1	2	0	1	1	1	2	0
565	0	0	0	0	2	0	0	1	1	0	0	0	0	1	0	0	2	1	2	0	1
566	0	1	1	0	0	0	0	1	1	0	0	0	1	2	1	0	2	1	2	2	2
567	0	1	0	0	2	0	0	2	1	0	0	0	0	2	1	0	1	2	1	1	1
568	0	2	0	0	1	0	1	1	1	0	0	1	0	1	0	0	1	1	2	1	0
569	0	1	0	0	0	0	0	2	0	0	0	1	0	2	0	0	1	1	1	2	0
570	0	0	2	2	0	1	1	0	1	0	0	0	0	0	1	0	2	2	0	0	0
571	0	0	0	1	1	1	0	1	1	1	0	0	0	2	1	0	1	0	2	1	0
572	0	2	0	1	2	1	1	1	2	0	0	0	0	2	1	0	1	2	1	1	1
573	0	1	1	0	2	1	1	1	0	0	0	0	0	0	1	0	1	1	1	1	1
574	0	1	0	0	1	1	1	1	1	0	0	1	0	1	0	0	1	1	1	1	1
575	0	1	0	1	1	1	0	0	1	0	0	0	0	0	2	0	2	0	1	2	0
576	0	1	0	0	2	0	1	1	0	0	0	0	1	1	0	0	1	0	0	2	1
577	0	0	0	1	2	0	0	1	0	1	0	0	0	1	0	0	1	1	2	2	2
578	0	2	0	0	2	1	1	1	2	0	0	0	1	0	1	0	1	2	1	1	1
579	0	1	0	1	2	0	0	0	1	1	0	0	0	0	2	0	2	0	1	1	1
580	0	0	0	0	0	1	1	0	1	1	0	0	1	1	1	0	1	0	0	1	2
581	0	0	0	1	1	0	0	1	0	0	0	0	0	1	1	0	1	1	0	0	0
582	0	2	0	0	1	0	0	1	1	0	0	0	0	0	1	0	0	0	0	1	2
583	0	1	1	1	1	0	0	0	0	0	0	0	1	1	1	0	0	1	2	0	1
584	0	1	0	0	1	0	1	2	0	0	0	0	1	0	0	0	1	0	2	1	0
585	1	2	0	0	1	1	1	1	2	0	0	0	0	1	1	0	2	0	2	0	1
586	0	0	0	0	1	1	0	1	0	0	0	0	0	2	1	0	0	1	1	1	1
587	0	0	1	1	1	0	1	1	1	0	0	0	1	1	1	0	1	2	1	1	1
588	0	1	0	2	1	0	0	1	1	0	0	0	2	1	1	0	0	0	1	1	1
589	0	0	0	0	1	0	1	1	1	0	0	0	0	1	1	0	1	0	2	1	0
590	0	1	0	1	1	0	1	1	1	0	0	0	0	1	1	0	2	1	0	2	1
591	0	0	0	0	1	0	1	2	0	0	0	0	0	2	0	0	1	1	0	2	1
592	0	0	0	0	1	0	0	1	2	0	0	0	0	0	0	0	2	1	1	2	0
593	0	1	0	1	2	0	1	1	1	0	0	0	0	0	1	0	1	1	1	0	2
594	0	2	0	2	1	0	1	1	1	0	0	0	0	1	1	0	2	1	2	1	0
595	0	1	0	1	2	0	0	1	1	0	0	0	0	1	0	1	2	0	1	0	2
596	0	1	1	0	1	0	0	1	0	0	0	0	0	1	2	0	1	1	1	2	0
597	0	1	0	1	1	0	0	1	0	0	0	1	1	1	1	0	1	2	1	1	1
598	0	1	0	1	2	0	0	1	1	0	0	0	0	1	1	0	1	1	1	1	1
599	0	2	0	1	2	0	0	1	0	0	0	0	0	1	0	0	1	1	1	1	1
600	0	0	1	0	1	0	0	1	0	1	0	0	0	0	0	0	0	0	1	0	2
601	0	0	0	1	0	2	0	2	2	1	0	0	0	1	1	0	2	1	1	1	1
602	0	0	0	1	1	1	2	1	1	0	0	0	1	1	1	0	1	1	0	0	0
603	0	1	0	0	0	0	0	1	2	0	0	0	0	2	0	0	1	2	2	1	0
604	0	2	1	1	2	2	0	2	1	0	0	0	0	1	1	0	2	1	1	2	0
605	0	1	0	1	1	0	1	2	0	0	0	0	1	0	0	0	0	0	0	1	2
606	0	1	0	0	0	1	0	1	1	0	0	0	0	2	1	0	1	2	1	1	1
607	0	2	0	0	2	1	0	0	0	0	0	0	1	1	0	0	1	1	0	1	2
608	0	2	0	0	2	0	1	0	0	0	1	0	0	1	2	0	2	1	0	1	2
609	0	1	0	1	0	0	2	1	0	0	0	0	0	1	1	0	0	2	2	1	0
610	0	1	0	1	0	0	0	1	1	0	0	1	0	0	1	0	2	2	1	2	0
611	0	1	0	0	2	0	0	0	1	0	0	0	0	1	1	0	0	1	1	2	0
612	0	0	0	0	1	1	1	2	1	1	0	0	0	0	0	0	1	1	0	1	2
613	0	0	0	1	2	0	1	1	0	0	0	0	1	2	0	0	2	0	0	0	0
614	0	1	0	1	1	0	0	0	1	0	0	0	0	0	0	0	0	2	1	2	0
615	0	1	1	0	0	0	2	0	1	0	0	0	0	2	0	0	0	0	1	0	2
616	0	0	0	1	1	0	1	1	1	0	0	0	0	1	0	0	2	2	0	1	2
617	0	0	0	1	0	0	1	0	2	0	0	0	1	0	0	0	1	0	0	0	0
618	0	1	1	0	0	2	2	1	2	0	0	0	0	1	0	0	0	1	1	1	1
619	0	1	0	1	1	1	1	1	0	0	0	0	1	1	2	0	2	2	0	2	1
620	0	2	0	2	0	0	0	1	0	1	0	0	0	1	1	0	2	1	1	2	0
621	0	2	0	0	1	0	0	0	1	0	0	0	0	1	1	0	2	1	2	1	0
622	0	1	0	0	1	0	1	1	1	0	0	1	1	1	0	0	1	2	0	1	2
623	0	1	1	0	1	1	0	0	0	0	0	0	0	0	1	0	0	0	1	2	0
624	0	2	0	0	1	0	1	0	1	0	0	0	0	1	2	0	0	0	2	2	2
625	0	1	0	0	1	1	1	1	0	2	0	0	0	0	1	0	1	0	0	1	2
626	0	2	0	0	1	0	0	1	1	0	0	0	0	2	2	0	0	1	1	2	0
627	0	0	0	0	1	1	0	2	1	0	0	0	0	1	2	0	0	2	1	0	2
628	0	2	1	1	1	0	0	2	2	0	1	0	0	1	2	0	0	1	0	2	1
629	0	0	1	0	1	0	0	1	1	0	0	0	2	1	0	0	0	0	1	1	1
630	0	2	0	0	1	0	1	1	0	0	0	0	0	2	1	0	1	1	1	1	1
631	0	1	0	1	1	1	1	1	2	0	0	0	0	0	1	0	2	1	1	0	2
632	0	2	0	0	2	1	1	0	0	0	0	0	0	0	1	0	2	2	2	0	1
633	0	2	1	1	0	0	0	2	1	0	0	0	1	0	1	0	1	2	2	2	2
634	0	0	0	1	1	1	1	0	0	0	0	0	0	1	0	0	0	0	1	1	1
635	0	1	0	0	0	0	2	1	0	0	0	0	0	0	1	0	0	2	0	2	1
636	0	1	0	1	0	0	0	0	1	0	0	0	1	1	0	0	1	1	0	1	2
637	0	0	0	0	0	1	0	1	0	0	0	0	0	0	2	0	1	1	1	2	0
638	0	1	0	1	0	0	0	0	0	0	1	0	0	1	0	0	1	0	2	0	1
639	0	0	0	1	0	0	0	1	1	0	0	0	1	1	1	1	1	0	0	2	1
640	0	1	1	0	1	0	0	0	1	0	0	1	1	1	0	0	0	1	1	1	1
641	0	1	0	0	0	0	0	1	1	0	0	0	1	2	1	0	0	1	2	1	0
642	0	0	0	0	0	1	0	1	0	0	0	0	0	2	0	0	1	2	1	1	1
643	1	2	1	2	2	0	1	2	1	0	0	0	1	2	2	0	1	0	0	0	0
644	0	1	0	0	0	1	1	1	2	0	0	0	0	0	1	0	1	0	1	0	2
645	0	0	0	0	1	0	1	1	2	1	0	0	0	1	1	0	0	2	0	1	2
646	0	1	0	1	0	0	1	1	1	0	0	0	0	2	1	0	1	1	0	1	2
647	0	1	0	0	2	1	1	2	2	0	0	0	0	2	1	0	1	0	1	0	2
648	0	0	0	1	0	0	1	1	0	1	0	0	0	1	1	0	1	0	1	1	1
649	0	1	1	0	0	0	0	2	1	0	0	0	1	1	0	0	2	0	2	1	0
650	0	1	0	0	2	0	0	0	1	0	0	0	1	2	1	0	1	2	1	0	2
651	0	1	0	1	1	1	1	1	1	0	0	0	0	0	1	0	1	1	1	1	1
652	0	0	0	0	0	0	0	1	1	0	0	0	0	0	0	0	2	0	1	1	1
653	0	1	0	1	0	1	1	0	1	0	0	0	1	0	2	0	1	1	1	1	1
654	0	1	1	0	1	0	0	0	0	1	0	1	0	0	2	0	2	0	1	0	2
655	0	2	0	1	1	1	1	2	1	1	0	0	0	2	2	0	0	1	2	1	0
656	0	1	1	1	1	0	1	2	1	0	0	0	0	1	0	0	1	1	2	1	0
657	0	0	0	1	2	0	2	0	0	0	0	0	0	1	1	0	1	2	2	2	2
658	0	0	1	1	1	0	1	0	0	0	0	0	0	1	1	1	0	0	0	2	1
659	0	2	0	0	0	0	0	0	1	0	0	1	0	0	2	0	1	0	0	0	0
660	0	0	1	0	1	0	0	1	0	0	0	0	0	1	1	0	1	0	0	1	2
661	0	1	0	0	1	1	0	2	1	0	0	0	0	1	2	0	0	1	1	0	2
662	0	1	0	1	1	0	1	1	0	0	0	1	0	2	2	1	1	0	0	1	2
663	0	2	0	0	2	0	1	0	0	0	0	0	0	0	0	0	2	2	2	1	0
664	0	1	0	2	0	0	0	0	1	0	0	0	0	0	0	0	2	0	1	2	0
665	0	1	0	0	1	0	1	1	1	0	0	0	0	2	2	0	0	1	2	1	0
666	0	1	0	0	1	1	0	1	1	0	1	0	0	0	1	0	1	0	2	1	0
667	0	2	0	0	2	0	1	1	0	1	0	0	0	0	1	1	1	2	2	2	2
668	0	1	0	2	1	0	2	1	0	0	0	0	0	2	2	0	1	2	1	0	2
669	0	2	0	0	0	0	0	1	0	0	0	0	0	2	1	0	2	1	0	0	0
670	0	0	0	0	1	1	0	1	0	0	0	0	0	1	1	0	0	1	0	1	2
671	0	2	0	0	0	0	0	0	0	0	0	1	0	1	0	0	0	1	1	1	1
672	0	1	0	0	1	0	1	0	0	0	0	0	0	1	1	0	2	1	2	0	1
673	0	0	0	0	1	0	2	0	0	0	0	0	0	1	0	1	0	1	2	1	0
674	0	1	0	0	1	0	1	0	0	1	0	0	0	1	0	0	1	1	0	1	2
675	0	1	0	0	1	1	0	2	1	0	0	0	0	1	1	0	1	2	1	1	1
676	0	0	1	1	1	0	0	1	1	0	0	1	0	0	2	0	1	0	1	1	1
677	0	1	0	0	1	1	0	1	1	0	0	0	1	1	0	0	0	2	0	1	2
678	0	0	0	1	1	1	0	0	1	0	0	0	0	1	0	0	1	0	1	1	1
679	0	2	0	0	1	0	1	0	0	0	1	0	0	1	1	0	2	1	2	0	1
680	0	1	0	1	1	1	0	1	1	0	0	0	0	0	1	0	1	1	2	0	1
681	0	1	0	0	1	0	1	1	0	0	0	0	0	1	1	1	1	1	1	0	2
682	0	0	0	0	2	0	1	1	0	0	0	0	0	2	0	0	2	0	1	0	2
683	0	0	0	1	2	0	0	2	0	0	0	0	0	1	2	0	0	1	1	2	0
684	1	1	0	1	0	1	0	1	1	0	0	0	0	1	0	0	2	2	2	1	0
685	0	0	0	1	0	0	1	2	2	0	0	1	1	0	1	0	0	1	1	1	1
686	0	1	0	1	1	0	1	2	1	0	0	0	0	1	1	0	1	0	1	2	0
687	0	0	0	0	1	1	0	2	0	1	0	0	0	2	1	0	2	1	2	0	1
688	1	1	0	0	2	0	1	0	0	0	0	0	1	1	0	0	1	1	1	1	1
689	0	1	0	1	2	0	1	1	2	0	0	1	0	2	0	0	0	1	2	1	0
690	0	1	0	1	2	0	1	2	1	0	0	0	0	0	1	0	2	1	1	0	2
691	0	1	0	0	1	1	2	0	2	0	0	0	0	0	2	0	1	2	2	1	0
692	0	1	1	1	2	2	0	1	2	0	0	0	0	1	0	0	1	2	1	1	1
693	0	1	0	0	1	0	1	1	0	0	0	1	0	1	1	0	1	0	1	1	1
694	0	0	0	2	0	2	0	2	0	0	0	0	0	0	0	0	1	1	1	1	1
695	0	0	0	0	1	0	1	1	0	0	0	0	1	1	1	0	1	0	2	2	2
696	0	1	0	0	0	1	1	1	2	1	0	1	0	1	1	0	2	2	2	1	0
697	0	1	0	0	0	1	1	1	1	0	0	0	0	2	1	0	0	1	1	1	1
698	1	1	1	0	1	0	0	1	1	0	0	0	0	1	0	0	2	0	1	0	2
699	0	1	0	0	1	0	1	1	1	0	0	0	0	1	0	0	1	0	1	1	1
700	0	1	0	0	2	1	0	2	1	0	0	1	0	1	1	0	2	1	2	1	0
701	0	0	0	0	1	0	1	0	1	0	0	0	0	1	1	0	2	1	0	1	2
702	0	2	0	1	0	0	0	0	0	0	0	1	0	1	0	0	2	2	1	1	1
703	0	2	0	0	0	0	1	1	1	1	0	0	1	0	1	0	2	1	1	0	2
704	0	2	0	1	1	0	0	2	1	2	0	0	2	1	1	0	1	0	2	1	0
705	1	1	1	1	1	0	0	2	0	0	0	0	0	0	0	0	0	0	0	0	0
706	0	0	0	0	1	0	0	1	1	0	0	0	1	0	2	0	1	2	1	2	0
707	0	0	0	2	0	0	0	0	0	1	0	0	0	1	1	0	1	0	0	1	2
708	0	2	0	0	1	0	2	2	2	0	0	0	0	1	2	0	0	1	2	1	0
709	0	2	0	0	1	0	1	0	0	0	0	0	0	0	1	0	0	2	1	1	1
710	0	0	0	0	1	0	1	1	2	0	0	0	0	0	1	1	2	0	0	2	1
711	0	1	0	0	1	0	1	1	2	0	0	0	1	0	0	0	2	0	2	1	0
712	0	0	0	0	2	1	0	0	0	0	0	0	1	1	1	0	1	2	2	1	0
713	0	2	0	0	1	0	0	1	1	0	0	0	0	0	1	0	1	1	2	2	2
714	0	2	0	1	1	0	0	1	1	0	0	0	0	1	1	0	2	0	0	1	2
715	0	1	0	0	1	0	0	0	0	0	0	0	0	1	1	0	1	1	0	1	2
716	0	2	1	0	0	1	0	2	0	0	0	0	0	1	1	0	1	0	2	0	1
717	0	0	0	1	0	0	0	0	0	0	0	0	0	2	0	0	1	0	2	1	0
718	0	0	0	1	2	0	0	1	2	0	0	1	0	1	1	0	2	1	1	1	1
719	0	1	0	0	1	0	0	1	1	0	0	0	0	0	0	0	1	0	0	0	0
720	0	0	0	0	1	0	2	2	1	0	0	0	0	0	1	0	1	0	1	2	0
721	0	0	0	0	2	2	1	1	1	0	0	0	0	0	0	0	1	1	1	2	0
722	0	0	0	1	1	1	1	1	0	0	0	0	0	2	1	0	1	1	1	2	0
723	0	0	0	1	2	0	0	1	2	0	0	0	0	1	0	0	1	2	1	1	1
724	0	0	0	0	2	1	1	2	2	1	0	0	0	0	1	0	1	1	1	0	2
725	0	1	0	0	0	0	0	1	1	0	0	0	0	2	1	0	1	1	1	0	2
726	0	1	0	0	0	0	0	1	0	0	0	0	0	1	0	0	2	0	2	1	0
727	0	1	0	1	0	0	1	0	1	0	0	1	0	2	0	0	0	1	0	1	2
728	0	0	0	0	0	0	1	0	1	0	0	0	0	1	0	0	2	0	1	1	1
729	0	2	0	0	1	1	0	2	1	0	0	0	0	1	1	0	1	1	2	0	1
730	0	1	0	1	0	0	1	2	1	0	0	0	0	1	2	0	1	0	1	2	0
731	0	1	0	2	1	0	0	0	0	0	0	0	0	1	0	0	0	0	1	0	2
732	0	2	0	1	0	0	1	0	1	0	0	0	0	1	0	0	1	2	1	1	1
733	0	1	1	1	0	0	0	0	1	0	0	0	0	0	1	0	1	2	1	2	0
734	0	0	0	1	2	1	0	0	0	0	0	0	0	1	1	0	1	0	0	1	2
735	0	2	0	1	0	1	1	1	0	1	0	0	0	0	1	0	0	1	1	2	0
736	0	0	0	0	1	0	1	2	0	0	0	0	0	1	1	0	0	1	0	2	1
737	0	0	1	1	1	1	1	1	1	0	0	0	0	2	2	0	1	0	1	1	1
738	0	1	0	1	0	0	0	0	1	1	0	0	0	0	1	1	0	0	0	0	0
739	0	1	0	1	1	1	0	1	1	1	0	0	0	1	0	0	1	1	1	0	2
740	0	1	0	1	2	2	1	1	1	0	0	0	0	0	0	0	1	1	1	1	1
741	0	0	1	2	0	0	0	1	1	0	0	0	0	1	2	0	1	1	1	1	1
742	0	0	2	1	2	1	0	2	0	1	0	0	0	2	1	0	0	1	0	0	0
743	0	2	1	0	1	0	1	1	0	1	0	0	0	0	2	0	0	1	2	1	0
744	0	1	0	0	1	0	0	1	1	0	0	0	0	0	1	0	1	1	0	1	2
745	0	1	0	2	2	0	1	1	0	0	0	0	1	1	1	0	1	1	0	1	2
746	0	0	0	0	0	0	2	1	1	0	0	0	1	0	2	0	1	1	1	2	0
747	0	0	1	0	1	0	1	2	1	0	0	0	2	1	1	0	2	0	1	1	1
748	0	1	0	0	1	0	1	0	1	0	0	0	0	2	1	0	1	2	1	1	1
749	0	1	0	0	1	0	2	2	1	0	0	0	0	0	1	0	2	1	1	1	1
750	0	0	0	0	0	0	1	2	1	0	0	0	0	1	1	0	2	1	1	2	0
751	0	0	0	1	1	0	0	2	0	0	0	0	0	0	1	0	0	0	0	1	2
752	0	1	0	0	1	0	0	2	1	0	0	1	1	1	1	0	0	1	0	0	0
753	0	1	0	1	0	0	0	2	1	0	0	0	0	0	2	0	2	1	1	2	0
754	0	1	0	1	0	0	1	1	2	0	0	0	0	1	1	0	1	1	2	1	0
755	0	1	0	1	1	1	1	1	2	0	0	0	0	0	0	0	0	1	0	1	2
756	0	0	0	2	1	1	0	1	0	0	0	0	0	1	1	0	1	0	2	1	0
757	0	0	0	0	2	0	1	1	0	0	0	0	0	1	1	0	1	1	1	0	2
758	0	1	0	0	1	0	0	0	0	1	0	2	0	2	1	0	1	1	0	1	2
759	0	1	1	1	2	0	0	1	0	0	0	0	0	0	0	0	2	1	2	2	2
760	0	1	0	1	1	0	0	1	0	0	0	0	0	1	2	0	1	1	1	0	2
761	0	0	0	0	2	1	1	0	1	0	0	0	0	1	1	0	2	0	1	2	0
762	0	0	0	0	1	0	1	2	1	0	0	0	0	2	1	0	2	0	0	1	2
763	1	2	0	1	1	0	0	1	1	0	0	0	0	1	1	0	1	1	1	0	2
764	0	1	0	1	1	0	0	2	1	0	0	0	0	2	1	0	1	1	1	1	1
765	0	1	0	2	0	0	2	1	0	1	0	0	0	0	1	0	2	1	1	2	0
766	0	1	0	0	0	0	1	1	1	0	0	0	1	0	0	0	0	0	1	2	0
767	0	0	0	0	1	0	1	2	2	1	0	0	0	1	1	0	0	1	0	0	0
768	0	0	0	1	1	0	1	0	0	0	0	0	1	1	2	0	2	0	0	0	0
769	0	1	0	1	0	0	0	1	1	0	0	1	0	1	1	0	1	1	1	1	1
770	0	0	0	0	2	1	0	1	1	0	0	0	0	2	1	0	1	1	1	1	1
771	0	1	0	1	2	0	1	1	0	1	0	0	0	1	2	0	2	2	1	2	0
772	0	1	1	0	1	1	1	1	0	2	0	0	0	1	1	0	1	0	2	0	1
773	0	1	1	0	1	1	0	1	0	1	0	0	0	0	1	0	2	0	1	1	1
774	0	2	1	2	1	1	1	0	2	0	0	0	0	2	0	0	1	2	2	2	2
775	0	2	0	0	0	0	1	1	2	0	0	0	0	0	2	0	0	1	2	1	0
776	0	1	1	2	1	0	0	2	1	0	0	0	0	1	1	1	0	1	1	1	1
777	0	0	1	2	1	0	2	0	2	0	0	0	0	2	2	0	2	1	2	0	1
778	0	2	0	1	1	2	0	0	1	1	0	0	0	0	1	0	1	1	1	1	1
779	0	0	1	1	0	0	0	0	1	0	0	0	0	2	2	0	1	1	1	1	1
780	0	1	0	0	0	0	0	0	1	1	0	1	1	1	1	0	1	1	0	1	2
781	0	0	0	2	2	0	0	0	0	1	0	0	0	1	1	0	0	2	1	0	2
782	0	1	0	1	2	0	1	1	0	1	0	0	1	2	2	0	1	1	1	2	0
783	0	0	1	0	1	1	1	0	0	0	0	0	0	1	0	0	2	1	1	0	2
784	0	1	0	0	0	0	0	2	1	0	1	0	0	2	1	0	2	2	1	2	0
785	0	2	1	2	1	1	1	1	0	0	0	0	1	1	1	0	1	1	0	2	1
786	0	1	0	0	0	0	0	2	1	1	0	0	0	0	2	0	0	1	1	1	1
787	0	0	0	1	0	0	0	1	0	0	0	0	0	0	1	0	1	0	0	1	2
788	0	1	0	0	0	0	1	0	2	0	0	0	1	1	1	0	2	1	2	1	0
789	0	1	0	1	0	1	2	0	0	1	0	0	0	0	1	0	1	0	1	1	1
790	1	1	0	0	1	0	0	2	1	0	0	0	0	1	0	0	2	0	1	2	0
791	0	1	0	0	1	0	1	1	2	0	0	0	0	1	0	0	1	0	0	1	2
792	0	0	0	0	2	0	1	2	0	1	0	0	0	1	0	0	1	1	2	0	1
793	0	0	1	1	1	1	0	2	0	0	0	0	0	1	2	0	2	0	1	1	1
794	0	1	0	1	1	1	1	1	1	0	0	0	0	1	1	0	0	0	2	2	2
795	0	0	0	1	1	0	1	2	0	1	0	1	0	2	1	0	0	2	2	1	0
796	0	1	0	0	2	0	0	1	0	1	0	0	0	0	0	0	0	1	1	1	1
797	0	0	0	1	1	0	0	0	2	0	0	0	0	2	2	1	0	1	1	0	2
798	0	1	0	1	0	0	0	0	1	0	0	0	1	1	0	0	0	0	0	1	2
799	0	1	1	0	1	2	1	1	1	0	0	0	0	1	1	0	2	1	0	1	2
800	0	0	0	0	0	1	0	1	0	0	0	0	0	1	1	1	2	1	0	1	2
801	0	2	0	0	0	0	1	2	1	0	0	1	0	0	1	0	2	2	2	1	0
802	0	1	0	1	2	0	2	1	2	1	0	0	0	1	2	0	0	1	2	1	0
803	0	1	1	1	1	0	1	1	1	0	0	0	0	0	2	0	1	0	1	1	1
804	0	2	0	0	1	0	1	1	1	0	0	1	0	1	1	0	0	0	0	0	0
805	0	1	0	0	0	1	1	2	0	0	0	0	1	1	1	0	2	1	2	0	1
806	0	1	0	0	1	1	1	0	0	0	0	0	1	1	1	0	1	0	2	1	0
807	1	1	0	1	1	0	0	1	1	0	0	0	0	1	2	0	1	2	2	2	2
808	0	2	1	0	2	0	1	2	1	0	0	0	0	2	1	0	1	0	0	0	0
809	0	1	0	0	0	1	0	1	1	0	0	1	0	0	1	0	1	1	1	1	1
810	0	0	1	0	2	2	0	0	0	0	0	0	0	2	1	0	1	1	1	1	1
811	0	2	0	2	2	1	1	2	0	0	0	0	0	0	1	0	1	0	1	2	0
812	0	2	1	1	1	1	1	1	1	0	0	0	0	0	0	0	1	1	0	2	1
813	0	1	0	2	1	0	1	0	0	0	0	0	0	0	0	0	1	1	2	1	0
814	0	0	0	0	2	1	0	2	0	0	0	0	0	2	0	0	1	1	0	0	0
815	0	1	0	0	0	2	0	1	0	0	0	0	0	2	2	0	1	1	2	1	0
816	0	0	1	0	0	0	0	2	1	1	0	0	0	1	1	0	1	1	2	1	0
817	0	1	0	0	0	0	0	1	1	0	0	0	1	2	2	0	1	0	1	1	1
818	0	0	0	0	1	1	1	1	2	0	0	0	0	0	1	0	2	1	1	0	2
819	0	0	0	0	1	1	1	1	2	0	0	0	0	0	2	1	0	1	1	2	0
820	0	1	1	1	1	0	0	1	1	0	0	0	0	2	0	0	2	1	0	1	2
821	0	1	0	0	1	0	0	2	2	0	0	0	0	1	1	1	1	1	0	1	2
822	0	0	1	1	2	0	1	2	1	0	0	0	0	1	2	0	2	1	2	0	1
823	0	0	0	1	2	0	0	1	1	1	0	0	0	1	1	0	1	0	2	1	0
824	0	1	0	2	1	0	0	1	0	0	0	0	0	1	1	0	2	1	1	1	1
825	0	1	0	0	0	0	2	1	2	0	0	1	0	1	0	0	0	2	0	1	2
826	0	1	0	0	1	0	0	1	1	1	0	0	0	0	1	0	1	1	1	1	1
827	0	0	1	0	0	1	1	1	0	0	0	0	0	1	0	0	1	0	0	2	1
828	0	1	0	0	0	0	0	0	0	2	0	0	0	1	2	0	0	2	0	0	0
829	0	0	0	0	1	1	1	1	1	0	0	0	0	1	1	1	1	1	0	1	2
830	1	2	0	0	0	0	1	2	1	0	0	0	0	1	1	0	2	1	1	1	1
831	0	0	0	1	1	1	1	1	1	0	0	0	0	0	0	0	2	2	1	1	1
832	0	2	0	0	0	1	0	1	2	0	0	0	0	0	1	0	0	0	1	0	2
833	0	1	0	1	0	1	1	0	2	0	0	0	0	0	0	0	1	1	2	0	1
834	0	0	0	0	1	0	2	1	1	1	0	0	1	2	1	0	2	0	1	0	2
835	0	1	0	1	1	0	2	1	1	0	0	0	0	0	1	0	1	1	2	0	1
836	0	1	0	1	2	0	0	2	0	0	0	0	1	0	1	0	1	0	1	1	1
837	0	1	1	0	1	0	0	1	0	0	0	0	1	0	1	0	0	2	1	1	1
838	0	1	0	0	1	1	0	2	0	1	0	0	1	2	0	0	2	0	1	1	1
839	0	2	0	1	0	0	0	1	0	1	0	0	1	1	2	0	0	2	2	1	0
840	0	2	0	2	2	0	1	0	2	0	0	0	0	1	0	0	0	0	2	1	0
841	0	1	0	0	0	0	0	1	0	0	0	0	1	1	1	0	0	1	1	1	1
842	0	0	0	0	0	1	1	1	1	1	0	0	0	0	1	0	1	1	1	1	1
843	0	2	0	0	1	0	0	0	0	1	0	0	0	2	0	0	0	0	2	2	2
844	0	1	0	0	1	0	0	1	1	0	0	0	0	1	1	0	1	2	1	2	0
845	0	2	0	1	1	0	0	1	1	0	0	0	1	1	1	0	1	1	1	1	1
846	0	1	0	1	2	0	1	2	1	1	0	0	2	1	0	0	0	2	1	0	2
847	0	0	0	0	1	0	1	0	1	0	0	0	0	0	1	0	0	2	1	2	0
848	0	1	0	1	2	0	0	2	0	0	0	0	0	0	1	0	2	0	1	0	2
849	0	1	0	1	0	0	0	2	1	0	0	0	0	1	1	0	2	0	1	1	1
850	0	2	0	0	1	0	1	1	1	0	0	0	0	0	2	0	1	1	1	1	1
851	0	0	0	0	2	0	0	0	1	0	0	0	0	1	1	0	1	0	1	1	1
852	0	2	0	0	1	1	1	0	0	0	0	0	0	1	1	0	2	1	1	0	2
853	0	0	0	0	1	0	0	1	1	0	0	0	0	1	2	0	2	1	1	1	1
854	0	1	0	1	1	0	2	1	1	0	0	0	1	0	1	0	0	1	1	1	1
855	0	1	0	0	1	1	0	1	0	0	0	0	0	0	2	0	0	1	0	1	2
856	0	2	0	2	2	2	1	0	1	0	0	0	0	1	1	0	0	1	0	2	1
857	0	1	0	0	1	0	0	1	0	0	0	0	1	1	1	0	1	1	1	1	1
858	1	0	0	0	0	1	0	2	0	0	0	0	0	2	2	0	1	0	0	2	1
859	0	0	0	0	2	1	0	0	0	0	0	1	0	2	1	0	0	0	1	1	1
860	0	1	1	1	1	0	0	1	1	0	0	1	0	0	2	0	2	1	1	1	1
861	0	2	0	0	0	0	1	1	1	0	1	0	0	1	0	0	0	2	2	2	2
862	0	1	0	0	1	1	1	1	1	0	0	0	0	1	1	0	0	1	2	2	2
863	0	1	0	1	1	1	0	0	1	0	0	1	0	1	1	0	1	2	1	0	2
864	0	2	0	0	1	0	1	2	1	1	0	0	1	0	0	0	0	0	0	1	2
865	0	1	0	0	1	1	0	1	0	0	0	0	0	1	1	0	0	2	1	2	0
866	0	0	0	0	1	0	0	0	1	0	0	0	1	0	1	0	0	1	2	1	0
867	0	1	0	0	0	0	0	0	1	0	0	0	0	1	2	0	0	1	1	2	0
868	0	0	0	0	2	0	0	1	0	0	0	0	0	0	0	0	0	1	1	0	2
869	0	0	0	0	0	0	0	0	1	0	0	0	0	1	0	0	2	1	2	1	0
870	0	1	0	0	1	1	2	0	0	0	0	0	0	1	1	0	1	0	1	1	1
871	0	1	1	1	1	2	2	0	2	0	0	0	0	1	1	0	1	2	0	0	0
872	0	1	0	0	0	0	0	1	1	0	0	0	0	2	1	0	1	0	1	2	0
873	0	0	0	2	2	0	0	0	2	0	0	0	0	0	2	0	1	0	1	0	2
874	0	0	0	0	1	0	0	1	0	0	0	0	0	0	1	0	1	0	0	1	2
875	0	1	0	2	1	0	1	1	0	0	0	1	0	2	0	0	1	1	0	0	0
876	0	1	0	1	0	0	1	2	1	0	0	0	0	1	2	0	2	2	0	0	0
877	0	1	1	2	0	1	0	1	0	0	0	0	0	0	2	1	1	1	1	2	0
878	0	1	0	0	1	0	1	0	1	0	0	0	1	1	1	0	0	1	1	1	1
879	0	1	1	0	0	0	1	1	0	0	0	0	0	0	1	0	1	2	1	2	0
880	0	2	0	2	1	1	0	1	1	0	0	0	0	1	0	0	1	1	0	1	2
881	1	0	0	1	0	1	2	1	2	0	0	0	0	1	2	0	0	1	1	1	1
882	0	1	0	2	1	1	0	1	0	1	1	0	0	0	1	0	0	2	2	1	0
883	0	1	0	0	0	1	0	1	1	0	0	0	1	1	0	0	0	1	0	2	1
884	0	1	0	0	1	0	0	0	1	0	0	0	0	1	1	0	1	1	0	1	2
885	0	1	0	0	2	1	0	0	0	0	0	0	0	0	1	0	0	0	1	1	1
886	1	1	0	1	1	0	0	0	1	1	0	0	0	1	1	0	2	1	2	1	0
887	0	1	0	0	0	1	2	2	1	0	0	0	0	0	1	0	1	0	1	0	2
888	0	1	0	1	0	0	0	0	1	0	0	0	0	1	1	0	0	1	1	1	1
889	0	0	1	0	1	0	0	1	1	0	0	0	0	1	1	0	1	2	1	1	1
890	0	1	0	0	1	0	2	1	1	0	0	0	0	1	2	0	1	1	1	0	2
891	0	1	0	0	0	0	1	1	2	0	0	0	0	1	2	0	1	1	0	2	1
892	0	1	0	0	1	0	1	2	1	0	0	0	0	2	2	0	2	1	1	0	2
893	0	2	0	0	1	0	0	2	0	0	0	0	0	0	0	0	0	1	1	1	1
894	0	0	0	0	1	1	2	1	1	0	0	0	0	1	0	0	1	0	0	1	2
895	1	0	0	0	1	1	0	1	1	1	0	0	0	1	1	0	1	1	1	0	2
896	0	2	1	1	1	0	0	1	0	0	0	0	0	2	0	1	2	0	1	2	0
897	0	2	0	0	1	0	0	0	0	0	0	0	0	1	0	0	0	0	1	1	1
898	0	1	1	1	0	0	1	1	2	0	0	0	1	1	0	0	0	1	1	2	0
899	0	1	0	0	0	1	2	2	1	0	0	0	1	2	0	0	1	1	1	1	1
900	0	0	0	0	2	0	1	2	0	0	0	0	1	2	0	0	0	1	0	1	2
901	0	1	1	1	2	0	0	0	1	0	0	0	0	1	1	0	1	1	2	1	0
902	0	2	0	0	1	1	0	2	0	0	0	1	0	1	2	0	2	2	2	1	0
903	0	1	0	1	2	0	0	2	1	0	0	0	0	1	2	0	1	0	1	1	1
904	0	1	0	0	1	0	2	0	1	0	0	0	0	2	1	0	1	0	0	1	2
905	0	1	0	1	1	0	1	1	0	0	0	0	0	2	2	0	2	0	0	0	0
906	0	1	0	0	0	0	1	2	1	0	0	0	0	1	0	0	0	0	1	2	0
907	0	2	0	0	2	0	1	1	0	0	0	1	0	1	1	0	1	0	2	0	1
908	1	0	0	2	0	0	1	1	1	0	0	0	0	1	2	0	1	1	1	1	1
909	0	2	0	0	2	1	0	0	1	0	0	1	0	0	2	0	1	0	2	1	0
910	0	1	0	0	1	0	1	1	1	0	0	0	0	0	1	0	1	1	1	2	0
911	0	0	0	2	1	1	2	2	0	0	0	0	0	1	1	0	1	1	0	1	2
912	0	1	0	1	0	0	0	1	1	0	0	0	1	1	2	0	2	0	0	1	2
913	0	1	0	0	1	1	1	1	1	0	0	0	0	2	1	0	0	1	0	2	1
914	0	1	0	1	0	0	0	1	0	0	0	0	1	1	2	0	1	1	0	0	0
915	0	1	0	0	1	1	0	1	1	0	0	0	1	2	0	0	2	0	1	1	1
916	0	0	0	0	2	0	1	0	0	0	0	0	0	0	0	0	0	1	0	0	0
917	0	1	0	1	1	0	0	1	0	1	0	0	1	1	0	0	0	1	1	0	2
918	0	1	0	0	1	0	1	0	1	0	0	1	0	1	1	0	1	1	1	2	0
919	0	1	1	0	1	0	2	0	0	0	0	1	0	0	1	1	1	0	0	2	1
920	0	1	0	1	2	0	0	0	2	0	0	0	1	1	1	0	1	1	0	0	0
921	0	0	0	0	1	0	1	1	1	0	0	0	1	0	2	0	0	2	1	1	1
922	0	0	0	1	2	0	0	1	1	1	0	0	0	0	1	0	1	2	1	2	0
923	0	1	1	0	1	0	0	2	0	0	0	0	1	2	1	0	2	1	0	1	2
924	0	0	0	1	2	1	2	2	0	0	0	0	0	0	1	0	0	2	0	0	0
925	0	0	0	2	2	0	1	1	0	0	0	0	0	2	0	0	1	2	1	2	0
926	0	1	0	0	1	0	1	0	1	0	0	0	0	0	1	0	1	1	1	1	1
927	0	1	1	0	1	0	0	1	0	0	0	0	0	1	1	0	0	0	2	2	2
928	0	0	0	0	2	1	1	0	0	0	0	0	0	0	2	0	0	1	1	0	2
929	0	0	0	0	2	0	1	1	0	0	0	0	0	1	1	0	2	1	2	2	2
930	0	1	0	0	1	2	0	1	1	1	0	0	0	1	1	0	1	0	2	2	2
931	0	0	0	1	1	0	1	2	1	0	0	1	0	0	0	0	0	0	1	0	2
932	0	0	0	0	1	1	0	0	0	1	0	0	0	0	1	0	1	1	2	2	2
933	0	1	0	1	0	0	1	0	2	0	0	0	0	1	1	0	1	0	2	0	1
934	0	1	0	0	1	0	1	1	1	1	0	0	0	1	0	0	1	1	1	1	1
935	0	1	0	1	2	1	1	0	1	0	0	0	0	0	0	0	2	2	1	1	1
936	0	0	0	0	0	0	0	1	2	0	0	0	0	1	1	0	0	0	2	1	0
937	0	1	0	2	0	0	0	0	1	0	0	0	1	1	1	0	1	2	1	1	1
938	0	1	0	0	1	0	0	2	2	0	0	0	0	2	0	0	1	1	2	2	2
939	0	1	0	1	1	2	0	1	1	0	0	2	0	1	1	0	2	1	2	0	1
940	0	1	0	0	1	1	1	1	1	0	0	0	0	2	1	0	2	0	1	1	1
941	0	1	0	1	1	1	1	1	2	0	0	0	1	1	0	0	2	0	1	0	2
942	0	1	0	0	0	1	2	0	0	0	0	0	0	0	2	0	0	1	1	2	0
943	0	1	0	1	1	0	0	1	0	0	0	1	0	2	0	0	1	2	2	1	0
944	0	0	0	0	0	1	1	1	2	0	0	0	0	1	1	1	1	1	1	0	2
945	0	0	0	1	0	0	0	0	2	0	0	0	0	1	1	0	1	1	1	0	2
946	0	1	0	2	1	0	0	1	1	0	0	1	0	0	0	0	1	1	1	1	1
947	0	0	0	0	2	0	0	1	1	0	0	0	0	0	2	0	0	1	1	2	0
948	0	1	0	0	2	1	0	0	1	0	0	0	0	1	0	1	1	0	1	2	0
949	0	1	0	1	1	0	0	1	0	0	0	0	0	1	1	0	0	1	0	1	2
950	0	1	0	0	0	0	1	2	1	1	0	0	0	2	1	0	0	1	1	1	1
951	0	2	0	0	1	0	0	0	0	0	0	0	0	1	2	0	0	2	0	0	0
952	0	1	0	0	1	1	2	1	1	0	0	0	0	2	2	0	1	0	0	0	0
953	0	0	0	1	0	0	1	0	1	0	0	0	0	1	0	0	1	1	1	0	2
954	0	2	0	0	0	0	0	0	1	0	0	0	1	1	2	0	2	2	2	0	1
955	0	1	1	1	1	0	0	1	1	1	0	0	0	2	2	0	2	2	1	0	2
956	0	1	0	2	1	1	0	1	1	0	0	0	1	1	1	0	0	2	1	0	2
957	0	2	0	0	0	0	1	1	2	0	0	0	0	0	1	0	2	2	1	0	2
958	0	2	0	0	1	0	0	1	1	0	0	0	0	1	0	0	2	1	2	1	0
959	0	0	0	1	0	1	0	1	1	0	0	0	1	1	0	0	1	1	1	2	0
960	0	1	0	1	0	0	1	2	1	0	0	1	0	1	2	0	1	1	0	2	1
961	0	1	0	1	1	0	1	1	0	0	0	0	0	0	0	0	1	0	1	2	0
962	0	1	0	1	0	0	1	1	1	0	0	0	1	2	1	0	0	1	1	2	0
963	0	0	0	0	2	0	0	0	1	0	0	0	0	1	0	0	0	1	2	2	2
964	0	1	0	1	1	0	2	2	1	0	0	0	0	0	0	0	1	1	0	2	1
965	0	0	0	1	0	1	0	2	2	1	0	0	1	0	1	0	2	0	1	0	2
966	0	0	0	1	1	1	0	1	0	0	0	0	0	0	0	0	1	1	1	2	0
967	0	1	0	0	0	1	0	2	0	0	0	0	0	1	1	0	1	2	2	2	2
968	0	1	0	1	1	2	1	0	0	0	0	0	0	0	1	0	1	1	1	1	1
969	1	1	2	1	1	1	1	1	0	0	0	0	0	0	0	0	1	0	2	0	1
970	0	0	1	0	0	0	1	2	1	0	0	0	1	2	1	0	0	1	1	0	2
971	0	1	1	1	0	1	1	1	0	0	0	0	0	0	2	0	0	2	0	1	2
972	0	0	1	0	1	1	1	0	0	0	0	0	1	0	1	0	1	0	0	0	0
973	0	1	0	0	1	0	1	2	0	0	0	0	0	0	0	0	0	1	1	0	2
974	0	1	0	0	1	0	0	0	2	0	0	0	0	1	1	0	0	0	0	1	2
975	0	0	0	1	1	1	0	0	0	0	0	0	1	1	1	0	1	1	0	1	2
976	0	0	0	1	0	0	0	1	0	0	0	0	1	1	1	0	1	1	2	2	2
977	0	1	0	1	0	0	2	1	0	0	0	0	0	0	2	0	2	1	1	1	1
978	0	0	1	0	0	1	1	1	1	0	0	0	1	2	1	0	2	1	1	0	2
979	0	1	0	0	0	1	1	1	1	0	0	0	0	2	0	0	0	1	0	2	1
980	0	0	0	2	1	0	0	2	0	0	0	1	0	1	1	0	2	2	2	1	0
981	0	2	0	0	2	0	0	1	1	0	0	0	0	0	2	0	1	1	1	2	0
982	0	0	0	2	1	1	1	1	1	1	0	1	0	1	2	0	2	1	0	2	1
983	1	0	0	0	2	0	0	0	1	0	0	0	0	2	2	0	1	0	1	1	1
984	0	1	0	0	2	0	0	0	1	0	0	0	0	1	1	0	1	0	0	0	0
985	0	0	2	1	1	0	1	2	2	0	0	0	0	0	0	0	1	1	1	1	1
986	0	0	1	0	1	1	0	1	1	1	0	0	0	2	0	0	1	1	2	2	2
987	0	1	1	0	2	1	1	0	0	0	0	0	0	1	1	0	0	2	1	1	1
988	0	0	0	0	2	0	0	1	2	0	0	0	0	0	1	0	1	2	1	2	0
989	0	1	0	0	0	1	0	1	1	1	0	0	0	0	0	0	2	1	1	0	2
990	0	0	0	0	2	1	2	1	1	0	1	0	0	2	2	0	1	1	0	1	2
991	0	0	0	0	2	2	1	1	0	0	0	0	1	2	2	1	0	1	0	1	2
992	0	1	0	2	0	1	1	0	0	0	0	0	0	1	1	0	0	1	2	0	1
993	0	1	0	1	1	0	1	1	1	0	0	1	1	1	0	0	0	0	0	2	1
994	0	1	1	0	1	1	1	0	1	0	0	0	0	1	1	0	0	1	2	2	2
995	0	1	0	1	1	0	1	2	1	0	0	0	0	0	0	0	1	0	2	1	0
996	0	0	0	0	1	0	1	1	0	0	0	0	0	1	1	0	1	1	2	1	0
997	0	1	0	1	0	1	1	1	1	0	0	1	1	0	1	0	2	2	2	0	1
998	0	1	0	0	1	1	0	0	1	0	0	0	0	2	1	0	1	2	0	1	2
999	0	1	0	2	0	1	0	0	0	0	0	0	0	2	1	0	0	1	1	0	2
1000	0	2	0	1	0	0	0	0	0	0	0	0	0	2	0	0	1	2	1	0	2
1001	0	2	0	1	0	1	0	0	2	0	0	0	0	2	1	0	1	1	0	2	1
1002	0	2	0	0	1	0	0	1	0	0	0	0	0	1	0	0	1	0	1	1	1
1003	0	0	1	0	1	0	1	0	0	0	0	0	0	1	0	0	2	1	0	1	2
1004	0	1	0	0	0	1	0	1	1	0	0	0	0	2	2	0	1	0	0	0	0
1005	0	0	0	1	2	0	0	1	2	0	0	0	0	2	2	0	0	2	1	0	2
1006	0	1	0	0	1	0	1	1	1	0	0	0	0	0	2	0	0	2	2	1	0
1007	0	1	0	0	1	1	0	1	0	1	0	0	0	1	2	0	0	1	1	0	2
1008	0	0	0	0	1	0	0	0	1	1	0	0	0	1	1	0	0	1	1	0	2
1009	0	1	0	0	1	1	1	0	1	0	0	0	0	1	1	0	1	2	2	0	1
1010	0	0	0	1	1	1	0	2	1	1	0	0	0	1	0	0	1	0	1	0	2
1011	0	2	0	0	1	0	0	1	0	1	0	0	0	0	1	0	0	1	1	0	2
1012	0	1	0	0	1	0	0	1	1	0	0	0	0	2	1	0	1	1	1	0	2
1013	0	0	0	0	2	0	1	2	2	1	0	0	0	2	1	0	2	1	0	2	1
1014	0	0	0	0	0	0	1	1	1	0	0	1	0	1	1	0	0	1	1	2	0
1015	0	1	0	0	1	1	1	2	1	0	0	0	0	1	1	0	1	2	2	1	0
1016	0	0	0	2	1	1	1	0	2	0	0	0	0	0	2	0	1	0	1	0	2
1017	0	0	1	0	0	0	2	1	0	0	0	0	0	1	1	0	2	1	1	2	0
1018	0	1	0	0	2	2	1	2	2	0	0	0	0	1	1	0	1	2	2	1	0
1019	0	1	1	1	2	0	0	0	0	0	0	0	1	2	0	0	0	1	1	1	1
1020	0	2	1	1	1	1	1	2	1	0	0	0	2	1	1	0	1	1	1	1	1
1021	0	1	0	1	1	1	0	2	0	0	0	0	1	2	1	0	1	1	2	1	0
1022	0	1	0	0	2	1	0	1	1	0	0	1	1	2	0	0	0	1	1	2	0
1023	0	1	0	0	1	0	1	2	0	1	0	0	0	2	1	0	1	0	0	2	1
1024	0	1	0	0	0	0	1	1	0	1	0	0	1	1	1	0	0	2	1	1	1
1025	0	0	1	1	1	0	0	1	2	0	0	0	1	0	1	0	1	1	1	1	1
1026	0	1	0	2	1	1	1	1	0	0	0	0	0	1	2	0	2	1	2	1	0
1027	0	0	0	0	1	0	1	2	1	0	0	1	0	1	1	0	1	0	1	0	2
1028	1	1	0	0	1	1	0	1	0	0	0	0	0	1	2	0	1	1	2	1	0
1029	0	2	0	0	2	0	0	1	0	1	0	1	0	1	0	0	0	0	0	2	1
1030	0	1	0	0	1	0	1	1	1	0	0	0	0	1	1	0	1	0	1	1	1
1031	1	2	0	1	1	0	0	1	0	0	0	0	0	0	1	0	1	0	0	2	1
1032	0	0	1	1	1	0	1	1	2	0	0	0	0	2	1	0	1	0	0	0	0
1033	0	0	0	2	1	1	0	1	1	0	0	0	0	0	1	0	1	1	1	0	2
1034	0	1	0	1	2	0	1	2	1	0	0	0	0	1	0	0	1	1	0	1	2
1035	0	0	0	0	1	1	1	2	1	0	0	0	0	0	2	0	1	1	0	2	1
1036	0	0	1	0	1	0	0	0	0	1	0	0	0	2	2	0	1	1	1	1	1
1037	0	1	0	1	1	0	0	1	0	0	0	0	0	2	1	0	1	1	1	1	1
1038	0	1	0	0	1	1	1	2	0	0	0	0	0	1	2	1	1	0	1	2	0
1039	1	0	0	2	1	0	1	0	1	1	0	0	0	1	0	0	1	1	0	0	0
1040	0	1	0	0	0	0	0	1	1	0	0	0	0	1	1	0	1	1	1	2	0
1041	0	1	1	0	1	1	2	2	0	0	0	0	0	0	1	0	1	1	2	1	0
1042	0	0	0	0	2	0	0	1	0	0	0	0	0	0	0	0	0	0	2	0	1
1043	0	1	0	1	2	0	1	1	0	0	0	0	0	2	0	0	1	1	0	1	2
1044	0	0	1	0	0	0	2	1	0	0	0	0	0	0	0	0	2	0	1	2	0
1045	0	0	1	0	2	1	1	1	0	0	0	0	0	2	1	0	1	2	1	2	0
1046	0	1	0	0	1	1	1	2	1	0	0	0	0	1	0	0	1	1	1	0	2
1047	0	1	1	0	0	0	1	0	1	0	0	0	0	1	1	0	2	1	2	1	0
1048	0	1	0	1	1	0	2	1	1	0	0	0	0	0	1	0	1	2	0	1	2
1049	0	1	0	1	1	1	0	2	0	0	0	1	0	0	1	0	1	2	1	0	2
1050	0	0	0	0	1	1	1	0	0	0	0	0	0	1	0	0	0	1	1	2	0
1051	0	0	0	1	1	0	0	0	0	0	0	0	0	0	1	0	1	0	2	1	0
1052	0	1	0	0	1	0	1	1	1	1	0	0	0	1	1	0	2	0	2	1	0
1053	0	2	0	0	1	0	1	0	0	0	1	0	1	1	1	0	2	2	1	1	1
1054	0	1	0	1	1	2	1	0	1	0	0	1	0	2	1	0	1	1	1	1	1
1055	0	0	0	0	2	2	1	2	1	0	0	0	1	0	1	0	0	1	1	2	0
1056	0	1	0	1	1	1	0	1	1	0	0	0	0	1	0	0	1	0	2	1	0
1057	0	0	0	1	1	1	0	1	0	0	0	0	0	0	0	1	1	2	0	0	0
1058	0	2	0	0	0	1	0	2	1	0	0	0	0	2	1	0	2	1	2	2	2
1059	0	1	0	1	1	0	1	1	2	0	0	0	0	1	1	0	0	1	0	1	2
1060	0	2	0	2	0	1	1	1	2	0	0	1	1	0	0	0	2	2	1	2	0
1061	0	0	0	1	0	0	1	0	2	0	0	0	1	1	1	0	0	1	1	1	1
1062	0	1	0	0	1	1	1	0	1	0	0	0	1	0	1	0	2	0	1	0	2
1063	0	0	0	0	1	1	1	1	1	0	0	0	0	1	0	0	1	2	1	1	1
1064	0	0	1	0	1	1	1	2	1	0	0	0	0	1	1	0	0	0	0	2	1
1065	0	0	0	0	0	1	1	1	0	0	0	0	0	0	1	0	2	1	0	0	0
1066	0	0	1	0	0	0	1	1	1	0	0	0	2	0	0	0	1	2	1	1	1
1067	0	2	0	1	2	0	1	1	1	0	0	0	0	0	1	0	2	1	1	2	0
1068	1	1	0	1	0	0	0	1	2	0	0	0	0	2	1	0	1	0	1	1	1
1069	0	2	1	2	0	0	0	1	0	0	0	1	0	2	1	0	2	1	1	1	1
1070	0	1	1	0	0	0	0	1	2	0	0	0	0	1	0	0	0	1	1	0	2
1071	0	1	1	1	1	0	0	2	0	0	0	0	1	1	1	0	1	0	2	0	1
1072	0	0	0	1	1	0	1	1	2	0	0	0	0	0	1	0	2	2	2	0	1
1073	0	1	0	1	0	0	0	0	1	0	0	1	1	1	2	1	0	2	2	1	0
1074	0	0	0	0	0	1	1	1	2	0	0	0	0	1	1	0	1	1	0	1	2
1075	0	1	0	1	1	0	0	2	0	0	0	0	0	2	2	0	2	1	1	1	1
1076	0	1	0	1	2	0	0	1	0	0	0	0	0	1	2	0	1	2	1	1	1
1077	1	0	0	1	0	1	1	0	0	0	0	0	0	1	0	0	0	2	1	2	0
1078	0	1	1	0	1	0	0	1	1	1	0	0	1	2	1	0	1	1	1	1	1
1079	0	1	0	0	1	1	1	2	1	0	0	1	0	2	1	0	1	1	1	1	1
1080	0	1	0	0	0	0	0	1	0	0	0	0	1	1	1	1	1	1	1	0	2
1081	0	1	0	0	1	0	0	0	0	1	0	1	0	2	1	0	1	1	0	1	2
1082	0	0	0	0	1	1	0	1	0	0	0	1	0	1	1	0	0	1	1	1	1
1083	0	1	0	1	0	0	1	2	1	0	0	0	0	0	1	0	1	0	2	0	1
1084	0	2	0	1	1	0	0	1	2	1	0	0	0	1	1	1	1	0	2	2	2
1085	0	2	0	0	1	1	0	2	1	0	0	0	0	2	1	0	1	1	1	1	1
1086	0	0	0	1	0	0	1	2	0	0	0	0	0	1	0	0	1	0	0	1	2
1087	0	1	0	1	2	1	0	2	1	0	0	1	0	1	1	0	1	1	1	1	1
1088	0	1	0	0	1	0	1	0	1	1	0	0	0	1	1	0	1	2	1	1	1
1089	0	0	0	0	1	1	0	0	1	0	0	0	0	1	0	0	1	1	2	0	1
1090	0	0	0	1	1	0	0	1	1	0	0	0	0	2	2	0	0	1	1	1	1
1091	0	1	0	0	0	0	0	0	0	0	0	0	0	2	2	0	0	1	1	1	1
1092	0	1	0	0	1	1	1	2	0	0	0	0	0	0	0	0	1	2	2	2	2
1093	0	0	0	0	0	0	0	1	1	0	0	1	1	2	0	0	0	1	2	1	0
1094	0	1	0	1	1	0	1	1	1	0	0	0	0	1	2	0	0	0	1	2	0
1095	0	1	1	0	2	0	0	0	0	0	0	0	0	1	0	0	2	0	1	0	2
1096	0	1	0	0	1	0	0	1	0	0	0	0	0	1	0	0	1	1	2	1	0
1097	0	2	0	2	0	0	0	0	1	0	0	0	0	1	0	0	0	1	1	1	1
1098	0	1	1	1	2	0	1	0	2	0	0	0	0	0	0	0	0	1	0	1	2
1099	0	1	1	1	1	0	0	1	0	0	0	0	1	1	1	0	1	1	1	1	1
1100	0	0	0	0	2	1	0	1	2	0	1	1	0	1	1	0	1	1	1	1	1
1101	1	1	0	1	1	0	1	1	0	0	1	0	0	1	1	0	1	1	1	0	2
1102	0	1	0	1	2	1	1	2	1	0	0	0	0	1	1	0	1	1	1	1	1
1103	0	1	0	1	1	0	0	1	0	0	0	0	0	1	1	0	1	0	1	1	1
1104	0	1	0	2	0	0	1	2	1	1	0	0	1	0	2	0	1	2	1	0	2
1105	0	2	1	1	0	0	1	2	0	0	0	1	0	1	0	0	0	1	2	0	1
1106	0	0	0	1	2	1	0	0	0	0	0	0	0	1	1	0	0	2	1	2	0
1107	0	2	0	1	2	0	1	2	1	0	0	0	0	0	1	0	1	0	2	1	0
1108	0	1	0	0	0	1	0	1	1	1	0	0	0	1	0	0	1	0	2	2	2
1109	0	1	0	0	0	0	1	1	0	0	0	0	0	1	1	0	2	1	2	1	0
1110	0	2	0	0	2	0	0	1	0	0	0	2	0	1	0	0	1	1	0	1	2
1111	0	2	1	1	2	0	1	2	0	0	0	0	0	1	2	0	2	2	1	1	1
1112	0	2	0	0	0	0	1	1	1	0	0	0	0	1	2	0	1	1	2	0	1
1113	0	1	0	0	1	0	1	2	2	1	0	0	0	1	1	0	0	0	0	0	0
1114	0	1	1	0	0	1	1	0	0	0	0	0	0	1	1	0	0	0	2	0	1
1115	0	0	0	0	2	0	0	2	1	0	0	1	1	0	2	0	1	0	0	1	2
1116	0	0	0	0	1	0	0	0	1	0	0	0	0	1	0	0	1	1	1	0	2
1117	0	1	0	0	1	0	1	1	2	0	1	0	0	0	2	0	1	0	2	2	2
1118	0	1	0	0	0	0	1	2	2	0	0	0	0	2	1	1	2	0	0	2	1
1119	0	1	0	1	0	1	0	0	2	0	0	0	1	1	0	0	1	2	2	1	0
1120	0	1	1	0	2	0	1	0	1	0	0	0	0	1	2	0	1	2	1	0	2
1121	0	2	0	0	0	0	2	1	1	1	0	0	0	2	1	0	2	0	1	2	0
1122	0	2	0	1	1	0	1	1	2	1	0	1	0	0	0	0	1	1	1	1	1
1123	0	1	1	1	0	0	0	0	0	0	0	0	0	1	1	1	1	2	2	0	1
1124	0	0	1	0	2	0	0	1	2	0	0	0	1	2	2	0	0	2	0	2	1
1125	0	0	0	0	0	0	1	2	0	0	0	0	0	1	2	0	2	0	1	0	2
1126	0	1	0	1	1	0	0	1	1	0	0	0	1	1	1	0	1	0	1	2	0
1127	0	1	0	1	1	0	0	1	2	0	0	1	0	2	1	0	1	1	1	1	1
1128	0	1	0	1	2	0	0	1	0	0	0	0	1	0	1	0	2	1	0	1	2
1129	0	1	0	1	1	1	2	2	0	0	0	0	0	2	1	0	2	2	0	2	1
1130	0	1	0	0	0	0	1	0	1	0	0	0	0	1	1	0	2	0	2	1	0
1131	0	1	0	0	1	1	0	2	1	0	0	1	0	0	1	0	2	1	1	0	2
1132	0	1	1	1	1	0	1	0	0	0	0	0	0	1	2	0	0	0	0	1	2
1133	0	0	0	1	1	1	0	2	1	0	0	0	0	0	0	0	0	1	0	1	2
1134	0	2	0	0	1	0	1	0	1	0	0	0	0	1	2	0	0	1	2	0	1
1135	0	1	0	0	0	0	0	0	1	0	0	0	0	1	2	1	1	0	0	2	1
1136	0	1	0	1	0	1	0	2	2	0	0	0	0	0	0	0	2	1	0	2	1
1137	0	1	0	1	1	0	0	0	1	1	0	0	1	2	2	0	2	1	0	2	1
1138	0	0	0	1	0	0	0	2	1	0	0	0	0	1	2	0	1	0	0	0	0
1139	0	0	0	1	1	0	2	1	1	0	0	0	0	2	0	0	1	1	1	0	2
1140	0	0	0	2	2	0	0	1	1	1	0	0	0	1	1	0	1	1	1	1	1
1141	0	2	1	0	1	0	1	1	1	0	0	2	0	2	1	0	2	1	2	1	0
1142	1	1	0	2	1	0	0	1	1	0	0	1	1	1	1	1	2	1	1	2	0
1143	0	2	1	0	2	1	1	1	1	0	0	1	1	0	2	0	1	1	1	1	1
1144	1	2	0	0	0	0	1	1	0	0	0	0	1	0	2	0	0	0	1	0	2
1145	0	1	2	2	0	1	1	0	0	0	0	0	0	1	2	0	1	0	2	0	1
1146	0	0	0	0	1	0	0	0	1	0	0	1	0	1	2	0	1	0	1	1	1
1147	0	1	0	0	1	0	1	0	1	0	0	0	0	1	1	0	2	1	0	2	1
1148	0	1	0	2	0	1	1	1	1	0	0	0	0	1	0	0	0	1	2	2	2
1149	0	0	0	1	0	0	1	1	1	0	0	0	0	2	0	0	2	1	1	2	0
1150	0	1	0	2	1	0	1	0	0	0	0	1	0	1	0	0	0	0	1	1	1
1151	0	0	0	0	0	1	1	2	0	0	0	0	0	2	1	0	2	0	2	1	0
1152	0	1	0	0	1	1	0	2	1	0	0	0	0	0	0	0	0	2	0	2	1
1153	0	1	0	0	1	0	1	1	0	0	0	0	0	0	2	0	2	0	1	1	1
1154	0	1	0	1	0	0	1	0	0	0	0	0	0	2	0	0	2	1	0	2	1
1155	0	1	0	0	1	0	0	0	0	0	0	0	1	1	1	0	1	1	2	2	2
1156	0	0	0	1	2	0	0	0	1	0	0	0	0	1	0	0	2	1	2	2	2
1157	0	1	0	0	1	0	1	1	2	0	0	0	0	1	0	0	1	1	1	0	2
1158	0	1	0	0	1	0	0	2	1	0	0	0	0	1	0	0	1	1	0	2	1
1159	0	0	0	1	0	0	2	1	1	0	0	0	1	0	0	0	0	1	1	2	0
1160	0	0	1	1	1	0	0	1	1	1	0	0	0	1	0	0	2	0	2	0	1
1161	0	0	0	1	1	0	2	1	2	0	0	0	0	2	0	0	1	2	2	0	1
1162	0	1	0	0	1	0	1	0	2	0	0	0	0	0	1	0	1	0	1	1	1
1163	0	1	0	0	0	1	1	1	2	0	0	0	0	0	1	0	0	0	2	1	0
1164	0	1	1	0	1	2	1	1	1	0	0	0	0	0	1	0	2	0	1	1	1
1165	0	1	0	0	1	0	2	0	0	0	0	1	0	1	1	0	0	1	2	2	2
1166	0	1	0	1	1	1	0	2	1	0	0	0	1	1	1	0	2	1	2	1	0
1167	0	1	0	1	1	0	1	1	0	0	0	0	0	1	2	0	2	2	1	0	2
1168	0	0	0	1	1	0	0	1	0	0	0	0	0	1	1	0	1	1	2	1	0
1169	0	2	0	1	0	0	0	1	1	0	0	0	1	1	1	0	0	1	1	0	2
1170	0	2	0	1	1	1	0	0	2	0	0	0	0	1	0	0	1	0	2	1	0
1171	0	0	1	1	0	0	1	1	2	1	0	1	0	0	1	0	0	2	1	0	2
1172	0	2	0	0	1	0	0	1	1	0	0	0	0	0	1	0	0	1	1	0	2
1173	0	0	1	0	1	0	0	0	2	1	0	0	0	1	1	0	2	1	2	1	0
1174	0	0	0	0	2	0	0	0	0	0	0	0	0	0	1	0	1	1	1	0	2
1175	0	1	0	0	1	1	0	1	1	0	0	0	0	1	0	0	1	1	1	0	2
1176	0	0	1	1	1	0	0	0	1	0	0	0	0	1	1	0	0	1	2	1	0
1177	1	2	0	1	1	1	1	0	0	0	0	0	0	1	1	0	2	2	1	2	0
1178	0	2	0	1	0	1	0	0	2	0	0	0	0	1	1	0	1	0	1	1	1
1179	0	1	0	2	0	1	0	0	0	1	0	0	1	0	2	0	0	1	2	2	2
1180	0	0	0	1	1	0	2	0	1	0	0	0	0	2	1	0	1	2	1	1	1
1181	0	0	1	0	0	0	1	0	0	0	0	0	0	2	0	0	1	0	0	2	1
1182	0	1	2	0	1	1	1	1	0	0	0	0	0	2	0	0	1	0	1	0	2
1183	0	1	1	1	0	1	1	0	2	0	0	0	0	1	1	0	2	2	0	1	2
1184	0	0	0	0	1	0	0	1	0	0	0	0	1	1	1	0	2	1	2	2	2
1185	0	1	0	0	0	1	0	0	1	0	0	0	0	1	1	1	1	2	2	2	2
1186	0	1	0	0	1	1	2	0	1	0	0	1	0	2	0	0	2	1	1	0	2
1187	0	1	0	2	1	0	1	0	1	0	0	1	0	1	0	0	0	0	0	1	2
1188	0	1	0	0	2	0	1	1	0	0	0	0	0	0	0	0	0	2	0	0	0
1189	0	2	1	0	1	1	1	0	0	0	0	0	0	1	1	0	1	1	0	0	0
1190	0	0	0	2	1	0	2	1	0	0	0	0	0	1	2	0	2	0	2	1	0
1191	0	0	1	0	0	0	1	0	2	0	0	0	1	1	1	0	2	2	0	1	2
1192	0	1	0	1	1	2	0	1	0	0	0	0	0	0	1	0	1	2	1	0	2
1193	0	1	0	0	0	0	1	0	1	1	0	0	0	1	1	0	0	0	1	2	0
1194	0	0	0	1	0	0	1	1	0	0	0	0	0	1	0	0	1	0	1	0	2
1195	0	1	0	0	0	0	1	1	1	0	0	0	1	0	1	0	1	1	0	0	0
1196	0	0	0	2	2	0	2	1	0	0	0	0	0	1	1	0	0	0	0	1	2
1197	0	1	1	0	2	0	1	1	0	0	0	0	0	2	0	0	1	2	1	2	0
1198	0	1	0	0	1	0	1	1	1	0	0	0	0	0	1	0	1	0	2	0	1
1199	0	1	1	1	2	0	0	0	0	1	0	0	0	0	0	0	2	1	1	2	0
1200	0	1	0	0	1	1	1	1	0	0	0	0	0	1	0	0	2	2	2	2	2
1201	0	2	0	0	1	1	0	0	2	0	0	1	0	1	0	0	1	1	2	1	0
1202	0	2	0	1	0	0	1	1	0	0	0	0	0	1	2	0	1	1	1	1	1
1203	0	1	0	0	1	0	1	2	1	0	0	1	1	2	2	0	2	1	1	0	2
1204	0	0	0	0	0	0	0	1	0	0	0	0	0	2	0	0	1	0	1	1	1
1205	0	1	0	0	1	1	2	2	0	0	0	0	0	1	2	0	2	2	1	2	0
1206	0	2	0	1	2	1	1	0	0	0	0	0	1	1	2	0	1	1	1	2	0
1207	0	1	1	1	0	0	0	1	1	0	0	0	0	2	0	0	1	0	2	1	0
1208	0	1	1	1	1	0	0	0	0	0	0	0	0	1	0	0	0	1	2	2	2
1209	0	1	0	0	1	1	1	2	0	0	0	0	0	2	2	0	2	1	2	0	1
1210	0	1	0	0	0	1	1	0	1	0	0	0	0	1	0	0	1	2	0	2	1
1211	0	1	1	1	1	0	0	1	0	0	0	0	0	1	0	0	0	1	1	2	0
1212	0	2	0	0	1	0	0	1	1	1	0	0	1	1	1	0	1	1	1	1	1
1213	0	2	0	2	1	0	0	1	0	0	0	0	0	0	1	0	1	0	1	1	1
1214	0	1	0	0	2	0	0	1	0	0	0	0	0	1	2	0	1	0	1	1	1
1215	0	1	0	1	0	0	1	1	1	0	0	0	0	0	0	0	0	2	0	2	1
1216	0	1	0	0	0	1	1	0	0	1	0	0	0	1	1	1	0	1	0	0	0
1217	0	2	1	0	1	1	1	1	1	0	0	0	0	0	0	0	2	0	2	2	2
1218	0	1	0	1	1	0	0	1	0	0	0	0	0	2	1	0	1	0	0	2	1
1219	0	2	0	0	1	0	1	2	1	1	0	1	0	1	1	0	0	2	1	0	2
1220	0	0	1	1	0	0	0	1	0	0	0	0	0	1	2	0	0	1	1	1	1
1221	0	0	1	0	1	0	1	0	0	0	0	0	1	0	1	0	2	0	1	1	1
1222	0	0	0	1	0	1	0	1	1	0	0	0	0	2	2	0	1	0	1	1	1
1223	0	1	0	0	1	1	0	1	2	1	0	0	0	1	0	0	2	1	1	1	1
1224	0	1	0	0	1	0	0	2	2	1	0	1	0	2	0	0	1	1	2	1	0
1225	0	0	0	1	1	0	1	1	1	0	0	1	0	2	1	0	2	0	0	1	2
1226	0	1	0	0	1	0	0	0	0	0	0	0	0	1	2	0	0	1	2	0	1
1227	0	1	1	0	0	1	1	0	1	0	0	0	0	0	0	0	2	2	1	2	0
1228	0	1	0	1	0	0	1	0	1	1	0	0	0	2	1	0	2	1	1	2	0
1229	0	2	0	0	0	0	0	1	1	0	0	0	0	1	0	0	1	2	1	2	0
1230	0	1	0	2	2	1	0	0	1	1	0	0	0	1	1	0	2	0	2	1	0
1231	0	0	1	0	1	0	0	1	1	0	0	0	0	1	0	0	2	2	0	1	2
1232	0	2	0	1	1	1	1	2	2	0	0	0	0	1	2	0	1	1	1	0	2
1233	0	2	1	0	0	2	1	1	0	0	0	1	1	2	0	0	2	0	1	0	2
1234	0	0	0	1	1	0	0	0	1	0	0	0	1	0	0	0	1	1	0	1	2
1235	0	0	0	0	1	0	0	0	1	0	0	1	0	0	1	0	1	1	2	0	1
1236	0	2	1	0	2	0	1	1	1	0	0	1	0	1	1	0	2	2	1	0	2
1237	0	1	0	0	0	0	1	0	0	0	0	0	1	1	1	1	1	0	0	1	2
1238	0	1	0	1	1	0	1	0	1	0	0	0	0	2	1	0	0	0	1	1	1
1239	0	1	0	0	2	0	0	2	1	0	0	0	0	0	1	0	2	0	1	0	2
1240	0	2	2	1	1	2	0	1	0	0	0	0	0	2	1	0	2	0	1	1	1
1241	0	1	0	1	1	1	1	1	2	0	0	0	1	2	0	0	0	1	2	1	0
1242	0	1	0	1	1	0	1	0	1	0	0	0	1	1	1	0	2	1	2	2	2
1243	0	0	0	1	1	0	0	0	0	1	0	0	1	0	0	0	1	0	0	2	1
1244	0	1	0	1	0	0	0	1	0	0	0	0	0	1	2	0	0	0	1	1	1
1245	0	0	0	1	1	2	0	2	1	0	0	0	0	0	0	0	2	1	1	2	0
1246	0	1	0	1	0	0	0	1	1	1	0	0	0	0	0	0	1	0	1	1	1
1247	0	1	0	0	1	0	0	0	2	0	0	0	0	1	2	0	1	1	1	2	0
1248	0	2	0	1	0	0	1	1	1	1	0	0	0	2	1	0	1	1	2	1	0
1249	0	2	0	0	1	1	1	1	1	1	0	0	1	0	1	0	1	0	1	0	2
1250	0	1	1	0	1	0	0	1	0	1	0	1	0	2	1	0	2	2	0	1	2
1251	1	1	0	0	1	2	0	2	0	0	0	0	0	0	2	0	2	0	2	1	0
1252	0	1	0	1	2	0	0	0	0	1	0	0	1	0	1	0	0	1	1	1	1
1253	0	1	0	1	1	0	1	1	0	0	0	0	0	2	0	0	2	1	2	0	1
1254	0	1	0	0	1	1	0	1	1	1	0	0	0	1	0	0	0	0	0	1	2
1255	0	1	1	0	0	0	1	0	0	0	0	0	0	1	0	0	0	1	2	2	2
1256	0	0	1	1	0	0	1	1	0	0	0	1	0	1	1	0	2	1	0	0	0
1257	0	2	0	1	2	0	0	1	0	0	0	0	0	0	2	0	2	0	1	0	2
1258	0	1	0	1	0	0	0	1	0	1	0	0	1	1	0	0	2	1	1	1	1
1259	0	2	0	0	1	0	1	1	2	0	0	0	1	2	0	0	2	2	0	1	2
1260	0	0	0	0	1	0	0	1	1	0	0	0	0	1	2	0	1	0	0	2	1
1261	0	0	0	0	1	1	0	0	1	0	0	0	1	2	1	0	1	0	2	2	2
1262	0	1	0	1	2	1	0	0	0	0	0	0	0	1	0	0	1	1	1	0	2
1263	0	1	0	0	1	1	1	0	1	1	0	0	0	1	1	0	1	1	1	1	1
1264	0	0	0	0	1	0	1	1	0	0	0	0	0	1	1	0	1	2	1	1	1
1265	0	0	0	2	0	0	1	1	1	0	0	0	0	1	0	0	1	1	2	2	2
1266	0	1	0	1	0	2	0	1	2	0	0	0	0	1	1	0	2	2	1	1	1
1267	0	0	0	0	0	0	1	1	1	0	0	0	0	1	2	0	0	1	2	1	0
1268	0	0	0	1	1	0	2	1	1	0	0	0	1	1	0	0	2	0	2	0	1
1269	0	0	0	0	0	0	0	0	1	1	0	0	1	1	0	0	1	1	1	1	1
1270	0	1	0	1	1	0	0	0	0	0	0	0	1	1	1	0	0	0	1	0	2
1271	0	0	1	0	1	0	0	1	0	0	0	0	0	2	2	0	2	1	0	1	2
1272	0	0	0	0	0	1	2	1	0	0	0	0	0	1	0	0	1	1	2	2	2
1273	0	1	0	0	0	0	1	1	0	0	0	0	0	1	1	0	2	0	1	1	1
1274	0	2	1	1	0	0	1	2	1	0	0	0	0	2	0	0	0	1	1	0	2
1275	0	1	0	0	1	0	0	1	1	0	0	0	0	1	0	0	2	2	0	0	0
1276	0	2	0	1	1	0	1	2	0	1	0	0	0	1	1	0	0	1	2	1	0
1277	0	1	0	1	2	0	0	0	1	0	0	0	1	1	1	0	1	1	1	2	0
1278	0	1	0	0	1	1	1	2	1	0	0	0	0	0	0	0	1	0	2	1	0
1279	0	1	0	0	1	0	1	1	2	1	0	0	0	1	2	0	1	1	1	1	1
1280	0	0	2	1	0	0	1	0	1	0	0	0	0	1	1	0	1	1	0	2	1
1281	0	1	0	0	1	0	2	1	1	0	0	0	0	2	1	0	1	1	1	2	0
1282	0	1	1	0	1	0	0	1	2	0	0	0	1	2	1	0	1	0	2	1	0
1283	0	2	0	1	1	1	0	0	1	1	0	0	1	0	2	0	0	1	0	0	0
1284	0	0	0	1	1	0	0	2	2	0	0	0	0	0	0	0	1	2	1	1	1
1285	0	1	0	1	1	1	0	2	0	1	0	0	0	1	0	0	1	0	2	2	2
1286	1	2	0	0	1	0	1	0	2	0	0	0	0	0	1	0	1	0	1	2	0
1287	0	1	0	0	0	1	0	1	0	0	0	0	0	1	0	0	0	1	1	2	0
1288	0	0	0	1	1	0	1	1	0	0	0	1	0	0	0	0	1	0	1	1	1
1289	0	0	0	1	1	2	2	0	1	0	0	0	0	2	1	0	1	0	1	1	1
1290	0	1	0	2	2	1	0	1	0	0	0	0	0	1	1	0	1	0	0	1	2
1291	0	0	1	0	1	0	0	1	0	0	0	0	0	2	1	0	1	0	1	2	0
1292	0	2	0	1	1	0	1	2	0	0	1	0	0	1	1	0	1	0	0	1	2
1293	0	1	0	0	1	0	1	1	1	0	0	0	0	0	2	0	1	0	1	1	1
1294	0	1	0	1	1	0	1	1	0	0	0	0	0	1	1	0	0	1	1	0	2
1295	0	1	0	0	0	0	1	1	0	0	0	0	0	0	1	0	0	1	1	1	1
1296	0	2	0	1	1	0	1	1	2	0	0	0	1	0	1	0	1	2	1	0	2
1297	0	0	0	1	1	2	0	1	0	0	0	1	0	0	2	0	1	1	2	0	1
1298	0	1	0	2	2	0	1	2	0	0	0	0	1	2	0	0	1	1	0	0	0
1299	0	0	0	0	1	0	0	1	0	0	0	0	0	0	0	0	1	1	1	2	0
1300	0	1	0	1	1	1	1	1	1	0	0	1	0	1	0	0	1	1	2	2	2
1301	0	2	0	1	1	0	0	0	1	0	0	0	0	0	0	0	1	0	1	1	1
1302	0	1	1	0	2	0	1	2	1	0	0	1	1	1	1	0	2	1	0	2	1
1303	0	2	0	0	2	1	0	2	0	1	0	0	1	1	1	0	2	1	0	0	0
1304	0	0	0	0	0	0	0	1	1	0	0	0	0	2	1	1	0	1	1	1	1
1305	0	2	0	0	0	2	1	2	1	0	0	0	1	1	1	0	1	1	2	1	0
1306	0	0	0	0	1	0	1	0	0	0	0	0	0	1	0	0	1	1	1	0	2
1307	0	2	0	0	1	0	0	1	0	0	0	0	1	1	0	0	1	0	1	0	2
1308	0	1	0	2	1	0	1	0	1	0	1	1	1	1	1	0	2	0	1	0	2
1309	0	1	0	0	1	0	0	2	2	0	0	0	0	1	1	0	2	0	1	1	1
1310	0	1	0	0	1	1	1	0	1	0	0	0	0	1	1	0	1	1	1	1	1
1311	0	1	1	1	0	2	1	1	2	0	0	0	0	1	2	0	2	2	2	1	0
1312	0	1	1	1	1	0	0	0	1	1	0	0	0	1	1	0	1	1	2	1	0
1313	0	1	0	0	2	0	0	0	0	0	0	0	0	0	0	0	0	1	2	2	2
1314	0	1	1	1	2	0	1	0	0	0	0	0	0	2	0	0	0	1	2	1	0
1315	0	2	0	1	0	0	0	2	1	0	0	0	0	0	2	0	2	0	1	2	0
1316	0	2	0	1	1	0	1	2	1	0	0	0	0	2	0	0	1	1	2	2	2
1317	0	1	0	1	2	0	1	2	1	1	0	0	1	1	1	0	1	0	2	1	0
1318	0	1	1	1	0	2	1	1	0	0	0	0	0	1	0	0	1	0	1	1	1
1319	0	2	0	0	1	0	1	1	0	0	0	0	0	2	2	0	1	2	1	0	2
1320	0	2	0	0	2	0	0	1	1	0	0	0	0	0	2	0	2	0	1	0	2
1321	0	1	0	0	1	0	1	2	2	0	0	1	0	1	0	0	2	2	2	1	0
1322	0	0	0	0	1	0	0	1	0	0	0	1	0	1	0	0	0	1	2	1	0
1323	0	2	1	1	1	0	2	1	0	0	0	0	0	2	2	0	2	1	1	0	2
1324	0	1	1	1	0	1	0	1	1	0	0	0	1	0	0	1	1	2	2	1	0
1325	0	1	0	1	2	0	1	1	1	0	0	0	0	2	2	0	0	1	1	2	0
1326	0	1	1	1	2	0	2	1	1	0	0	0	0	0	0	0	0	1	2	1	0
1327	0	0	0	0	0	1	0	0	0	0	0	0	0	1	1	0	1	1	1	0	2
1328	0	0	0	1	0	0	0	0	0	0	0	0	0	0	1	0	0	1	0	1	2
1329	0	0	0	1	2	0	0	0	0	0	0	0	0	1	2	0	2	1	1	1	1
1330	0	0	0	1	0	0	0	1	0	0	0	1	0	1	1	0	1	0	1	1	1
1331	0	1	0	0	0	0	0	1	1	0	0	0	0	1	1	0	1	1	1	1	1
1332	0	2	0	2	1	0	1	0	2	0	0	0	0	0	1	0	2	1	1	1	1
1333	0	0	0	1	2	0	1	0	0	0	0	0	0	1	1	0	0	1	2	0	1
1334	0	0	0	1	2	1	1	1	1	0	0	0	0	1	1	0	1	0	0	1	2
1335	1	2	0	0	2	0	0	1	1	0	0	0	0	2	1	0	1	0	1	1	1
1336	0	0	0	0	2	0	0	1	1	0	0	0	1	0	1	0	1	2	1	1	1
1337	0	1	0	0	1	0	0	2	0	0	0	0	0	0	2	0	1	2	2	1	0
1338	0	1	0	0	0	0	0	2	0	0	0	0	0	1	1	0	1	1	2	1	0
1339	0	1	2	1	0	1	0	0	2	0	0	0	0	1	1	0	2	2	1	0	2
1340	0	1	0	1	1	0	0	1	1	1	0	0	0	1	1	0	1	1	1	2	0
1341	0	1	0	2	1	0	0	0	1	0	0	0	0	1	2	0	0	0	1	2	0
1342	0	0	0	0	0	0	2	1	0	0	0	0	0	1	2	0	2	0	1	1	1
1343	0	0	1	1	0	0	0	1	1	0	0	0	0	1	1	0	1	1	1	0	2
1344	0	0	0	0	1	0	1	1	2	0	0	0	0	1	2	0	2	1	0	1	2
1345	0	0	0	0	0	0	1	0	1	0	0	0	0	2	1	0	0	1	2	2	2
1346	0	2	0	0	2	0	1	1	1	0	0	0	0	0	0	0	1	1	2	1	0
1347	0	1	0	1	0	0	1	0	0	0	0	0	0	0	0	0	1	1	1	0	2
1348	0	2	0	0	1	0	0	1	1	0	0	0	0	1	2	0	2	1	1	0	2
1349	0	1	0	0	1	0	1	1	2	1	0	0	0	1	0	0	2	2	2	1	0
1350	0	0	1	0	2	0	0	2	1	0	0	0	1	0	0	0	1	0	1	2	0
1351	0	1	0	1	1	0	0	1	1	0	0	0	0	1	2	0	2	2	1	0	2
1352	0	0	0	1	1	1	0	1	1	0	0	1	1	0	2	0	2	1	2	2	2
1353	0	1	1	1	0	0	0	1	1	0	0	0	0	2	1	0	1	0	1	1	1
1354	0	1	0	0	0	0	1	1	1	0	0	0	0	1	2	0	1	2	1	1	1
1355	0	1	0	1	0	1	0	2	1	0	0	0	0	2	2	0	2	0	1	2	0
1356	0	0	1	1	1	0	0	0	1	0	0	0	0	1	0	0	0	1	0	1	2
1357	0	1	0	0	1	0	1	1	0	0	0	0	0	2	1	0	2	1	1	0	2
1358	0	1	0	0	1	1	0	1	1	1	0	1	2	2	0	0	1	2	1	0	2
1359	1	1	0	0	1	0	0	0	1	1	0	0	1	1	1	0	0	1	1	2	0
1360	0	0	0	0	2	0	1	1	2	0	0	0	0	1	2	0	1	0	0	0	0
1361	0	2	0	1	1	0	1	0	0	1	0	0	0	0	0	1	1	2	1	0	2
1362	0	0	1	0	0	1	1	0	0	0	0	1	0	2	0	0	1	1	1	2	0
1363	0	1	0	0	1	1	1	0	0	0	0	0	0	0	2	0	0	1	2	1	0
1364	0	1	0	1	1	0	0	1	1	0	0	0	1	2	0	0	0	0	1	1	1
1365	0	0	0	0	0	2	0	0	1	0	0	0	0	2	2	0	1	1	1	1	1
1366	0	2	0	0	1	0	0	1	1	0	0	0	2	1	1	1	0	1	0	1	2
1367	0	2	0	0	1	0	2	1	2	0	0	0	1	1	2	0	0	2	1	1	1
1368	0	2	0	1	0	0	1	2	1	0	0	0	0	0	1	0	1	2	1	1	1
1369	0	1	0	0	1	1	0	0	0	0	0	0	0	1	0	0	0	0	0	1	2
1370	0	2	0	2	0	1	1	0	1	0	0	0	1	1	1	0	1	0	0	1	2
1371	0	2	0	1	2	1	1	0	0	0	0	0	0	1	1	0	1	1	1	0	2
1372	1	1	0	1	0	1	0	1	1	0	0	0	0	0	1	0	1	0	1	1	1
1373	0	1	0	1	1	0	1	1	2	1	0	1	0	1	2	0	2	1	0	1	2
1374	0	1	1	2	1	1	0	1	2	0	0	0	0	1	0	0	2	0	2	0	1
1375	0	2	0	0	2	1	0	2	1	0	0	0	0	0	0	0	2	1	2	1	0
1376	0	0	0	1	0	0	1	1	0	0	0	0	0	1	1	0	1	0	0	2	1
1377	0	1	0	1	1	1	1	1	1	0	0	0	1	1	1	0	1	1	1	0	2
1378	0	0	0	1	1	0	1	0	1	0	0	0	0	0	0	0	1	0	2	1	0
1379	0	0	0	0	0	0	1	1	0	0	0	0	0	2	2	1	0	1	1	1	1
1380	0	0	0	0	0	0	0	1	2	0	0	0	1	1	2	0	0	1	1	0	2
1381	0	1	1	2	1	0	1	1	0	0	0	0	0	0	0	0	1	0	1	0	2
1382	0	0	0	1	2	0	0	0	1	0	0	0	1	2	1	0	2	1	1	0	2
1383	0	1	0	0	0	1	0	0	1	0	0	0	0	1	0	0	2	2	0	1	2
1384	0	2	0	1	1	1	0	1	0	0	0	0	0	1	0	0	1	2	2	1	0
1385	0	0	0	1	2	0	2	1	0	0	0	0	0	1	0	0	2	0	1	0	2
1386	0	0	0	2	1	1	1	1	1	0	0	0	1	0	1	0	2	1	0	1	2
1387	0	1	0	0	1	0	0	1	1	0	0	0	0	0	0	0	1	2	1	1	1
1388	0	0	0	1	0	0	0	2	1	0	0	0	0	1	1	0	1	1	2	2	2
1389	0	0	0	0	2	2	1	2	1	0	0	0	0	1	0	0	1	1	2	0	1
1390	0	1	0	0	2	0	0	1	1	0	0	0	0	1	1	0	1	2	1	1	1
1391	0	1	0	0	2	0	1	2	0	0	0	0	0	1	0	0	1	1	2	1	0
1392	0	1	0	1	0	0	0	1	1	0	0	0	1	1	2	0	2	1	1	1	1
1393	0	1	0	1	0	0	1	1	1	0	0	0	0	0	1	0	0	0	2	1	0
1394	0	0	0	0	0	1	0	1	0	1	0	0	1	1	0	0	1	1	1	1	1
1395	0	1	0	0	0	0	0	0	1	0	0	0	0	1	1	0	1	1	2	0	1
1396	0	1	1	0	1	1	0	1	2	0	0	0	1	0	1	0	1	0	1	0	2
1397	1	0	0	0	1	1	0	1	0	0	0	0	0	0	0	0	0	0	1	1	1
1398	0	1	0	2	1	1	0	1	1	0	0	0	0	1	0	0	2	0	2	0	1
1399	0	1	0	2	0	0	0	1	0	0	0	0	0	0	1	0	1	1	2	2	2
1400	0	0	0	0	0	0	1	1	0	1	0	0	0	0	1	0	0	1	0	0	0
1401	0	1	0	1	0	1	1	1	1	0	0	0	0	1	1	0	2	0	2	2	2
1402	0	2	0	0	0	1	0	2	1	0	0	0	0	0	0	1	2	1	1	1	1
1403	0	0	0	0	0	0	0	1	1	0	0	1	0	2	1	0	1	0	1	2	0
1404	0	0	0	0	1	1	0	1	1	0	0	1	0	0	0	0	1	1	1	2	0
1405	0	0	0	1	1	2	0	2	1	0	0	0	0	1	1	1	1	1	0	2	1
1406	0	0	0	0	0	0	0	0	1	0	0	0	0	0	1	0	0	0	1	1	1
1407	0	1	0	0	2	0	0	2	1	0	0	1	1	0	1	0	2	1	2	1	0
1408	0	0	0	0	1	0	1	1	1	0	0	0	0	2	1	0	1	1	2	0	1
1409	0	1	2	1	2	1	0	1	1	1	0	0	0	1	0	0	1	0	1	0	2
1410	0	0	0	1	1	0	1	0	0	0	0	0	0	0	1	0	0	1	2	0	1
1411	0	1	0	0	0	1	0	0	1	0	0	0	1	0	0	0	2	2	0	0	0
1412	0	2	0	1	2	1	1	1	0	0	0	0	1	1	1	0	0	1	1	0	2
1413	0	0	1	2	1	1	1	1	1	0	0	0	0	1	1	0	0	2	1	1	1
1414	0	0	0	0	0	0	0	0	0	0	0	0	1	1	0	0	2	0	1	1	1
1415	0	1	0	1	2	0	0	0	0	0	1	0	0	0	0	0	2	1	1	0	2
1416	1	1	0	0	1	0	1	2	0	0	0	0	1	0	2	0	2	1	1	0	2
1417	0	1	0	1	0	0	0	2	0	0	0	0	0	1	1	0	2	1	2	2	2
1418	0	0	0	0	0	0	1	2	1	0	0	0	0	1	2	0	1	1	1	1	1
1419	0	1	0	1	2	0	1	0	0	0	0	0	1	1	0	0	1	1	0	1	2
1420	1	0	0	2	0	2	0	2	0	1	0	1	1	1	0	0	1	1	1	1	1
1421	0	1	0	1	0	0	1	1	1	0	0	0	0	1	1	0	0	1	2	2	2
1422	0	1	0	0	0	1	2	0	1	0	0	0	0	1	1	0	1	0	0	1	2
1423	0	1	0	0	1	1	0	1	1	0	0	0	0	0	2	0	0	1	0	1	2
1424	0	0	0	1	1	0	0	0	1	0	0	0	0	1	1	0	0	1	1	0	2
1425	0	1	1	1	1	0	1	1	0	0	0	0	0	1	1	0	0	0	1	0	2
1426	0	1	0	0	2	0	0	1	1	0	0	0	0	0	0	0	2	1	1	2	0
1427	0	1	0	1	0	1	0	0	2	0	0	0	0	1	1	0	1	0	1	2	0
1428	0	0	1	1	2	0	0	2	0	1	0	0	0	0	0	0	1	2	1	2	0
1429	1	0	0	0	2	0	0	0	0	0	0	1	1	0	1	0	1	1	0	1	2
1430	0	0	0	1	0	0	0	0	1	0	0	0	0	1	1	0	1	0	2	1	0
1431	0	0	0	2	1	0	0	0	1	0	0	0	0	0	0	0	1	1	1	1	1
1432	0	1	1	1	1	0	0	1	0	0	0	0	0	2	1	0	2	1	0	2	1
1433	1	1	0	1	1	1	0	1	2	1	0	0	1	1	2	0	1	1	1	1	1
1434	0	2	1	0	1	0	0	1	1	0	0	0	2	1	0	0	1	0	0	0	0
1435	0	1	0	0	2	0	0	0	1	1	0	0	0	0	1	0	1	0	2	0	1
1436	0	0	1	1	1	0	1	0	1	0	0	1	0	1	1	0	1	1	2	2	2
1437	0	1	0	2	1	2	1	1	0	0	0	0	0	1	0	0	0	0	0	2	1
1438	0	2	1	2	2	0	0	2	0	0	0	1	0	1	0	0	2	1	2	0	1
1439	0	0	0	1	1	0	0	0	1	0	0	0	0	0	2	0	0	2	1	1	1
1440	1	1	0	1	1	2	1	0	2	0	0	0	0	0	2	0	1	1	0	2	1
1441	0	1	0	2	0	0	1	2	1	1	0	0	0	1	1	0	1	1	2	1	0
1442	0	1	0	0	1	0	1	0	1	0	0	0	0	1	1	0	1	0	2	0	1
1443	0	2	0	0	1	0	2	0	1	0	0	0	2	0	1	0	1	2	1	2	0
1444	0	0	0	1	0	0	0	1	1	0	0	0	1	1	0	0	2	0	2	1	0
1445	0	2	0	1	0	0	0	0	0	1	0	1	0	2	1	0	2	2	2	1	0
1446	0	2	1	0	0	0	0	0	0	0	0	1	0	0	0	0	0	1	0	0	0
1447	0	0	0	0	2	1	2	1	1	0	0	0	0	1	0	0	1	0	0	2	1
1448	0	1	0	1	0	1	1	1	1	0	0	0	0	1	0	0	2	0	1	1	1
1449	0	1	0	1	1	0	0	1	0	0	0	0	0	0	0	0	0	0	1	0	2
1450	0	1	0	1	0	1	0	0	0	0	0	0	1	0	1	0	1	1	1	1	1
1451	0	1	0	1	1	0	1	2	2	0	0	0	0	1	1	0	2	0	2	1	0
1452	0	1	0	0	1	0	0	2	0	0	0	0	1	0	1	0	1	1	2	2	2
1453	0	0	0	1	0	0	0	0	0	0	0	0	0	1	0	0	1	1	1	0	2
1454	0	0	1	1	1	1	1	1	2	1	0	0	0	2	1	0	2	2	1	0	2
1455	0	1	1	0	0	0	0	0	0	0	0	0	0	2	1	0	1	1	1	1	1
1456	0	1	0	0	0	0	0	0	1	1	0	0	0	1	0	0	1	1	1	0	2
1457	0	2	0	1	1	0	1	1	0	1	0	0	0	1	1	0	1	1	2	1	0
1458	0	1	0	1	1	0	1	0	0	1	0	0	1	1	0	0	1	1	1	1	1
1459	0	1	0	1	1	1	1	2	0	1	0	0	1	1	1	0	1	1	1	0	2
1460	0	2	0	1	1	0	0	2	0	0	0	0	0	0	2	0	1	1	1	1	1
1461	0	1	0	1	1	0	1	0	1	0	0	0	0	0	1	0	0	1	1	1	1
1462	0	1	0	0	1	1	2	2	1	0	0	0	0	0	1	0	1	0	2	1	0
1463	0	0	0	0	0	0	0	1	1	0	0	0	0	1	1	0	0	1	0	1	2
1464	0	1	0	2	1	0	0	0	2	1	0	0	0	0	0	0	1	1	2	2	2
1465	0	0	0	1	0	0	1	1	2	0	0	1	0	0	2	1	0	0	0	2	1
1466	0	1	1	0	0	1	0	1	0	0	0	0	0	1	1	0	2	2	2	0	1
1467	0	0	0	0	1	0	1	0	1	0	0	0	0	2	0	0	0	0	0	1	2
1468	0	0	0	2	2	0	1	1	1	1	0	0	0	0	2	0	1	0	0	1	2
1469	0	0	0	0	0	0	0	0	0	0	0	0	0	2	0	0	2	1	2	0	1
1470	0	1	0	1	0	0	0	1	0	0	0	1	0	0	1	0	1	2	2	2	2
1471	0	0	0	1	1	0	1	1	2	0	0	0	0	1	1	0	2	2	0	0	0
1472	0	0	0	0	1	1	2	1	2	0	0	0	0	0	1	0	1	0	0	0	0
1473	0	0	0	1	1	0	0	1	0	0	0	0	0	0	1	0	1	2	2	0	1
1474	0	0	0	1	1	0	1	1	0	0	0	0	0	1	1	0	2	2	1	1	1
1475	0	0	1	0	1	0	1	2	1	0	0	0	0	1	0	0	0	0	1	1	1
1476	0	1	0	2	1	0	1	0	2	0	0	0	0	1	0	0	0	1	1	2	0
1477	0	1	0	0	1	0	1	1	2	0	0	0	0	2	2	0	1	1	1	1	1
1478	0	0	0	0	0	1	0	1	2	0	0	0	0	1	1	0	0	0	1	0	2
1479	0	2	0	1	1	0	0	1	0	0	0	0	1	2	2	0	0	0	2	1	0
1480	0	0	0	1	1	0	1	1	0	0	0	0	0	1	1	0	1	1	1	2	0
1481	1	2	0	1	0	0	1	1	0	0	0	0	1	0	2	0	1	0	1	2	0
1482	0	0	0	0	1	1	1	1	1	0	0	0	0	2	0	0	2	0	1	2	0
1483	0	1	2	0	1	1	0	0	0	0	0	0	0	1	2	0	1	2	0	1	2
1484	0	2	0	1	0	0	0	1	0	0	0	0	0	2	1	0	1	1	0	1	2
1485	0	1	0	0	2	0	0	1	0	1	0	1	0	2	1	0	1	2	1	2	0
1486	0	1	0	0	1	0	0	2	1	0	0	0	0	2	1	0	2	1	1	0	2
1487	0	1	0	1	1	0	0	1	1	0	0	1	0	1	0	0	0	1	0	1	2
1488	0	0	2	0	1	0	0	1	0	1	0	0	1	1	2	0	1	0	2	2	2
1489	0	2	0	0	1	0	0	1	2	0	0	0	0	1	0	0	1	0	2	2	2
1490	0	0	2	0	2	0	0	1	2	0	0	0	0	1	2	0	0	1	0	0	0
1491	0	0	0	1	0	0	2	2	0	0	0	0	0	2	2	0	0	0	1	2	0
1492	0	0	0	0	0	1	1	1	2	1	0	0	0	0	1	0	1	0	1	2	0
1493	0	0	0	1	1	1	1	1	1	0	0	0	1	0	0	0	1	0	2	1	0
1494	0	1	0	0	0	1	0	2	1	0	0	1	1	1	1	1	0	1	2	1	0
1495	0	0	0	0	2	0	0	1	0	1	0	1	1	2	0	1	1	0	2	1	0
1496	0	1	0	0	0	1	1	1	1	0	0	0	0	0	1	0	0	1	2	1	0
1497	0	1	0	2	1	1	2	1	1	0	1	0	0	2	2	0	2	0	1	0	2
1498	0	0	0	0	1	0	1	2	0	0	0	0	0	0	0	0	2	2	1	0	2
1499	1	1	0	0	2	1	0	1	0	1	0	0	0	1	0	0	1	1	0	1	2
1500	0	0	0	1	0	0	0	2	0	0	1	0	1	2	0	0	1	1	0	1	2
1501	0	1	0	1	0	1	2	1	0	1	0	1	0	0	1	0	1	1	1	2	0
1502	0	2	0	1	1	1	2	1	0	1	0	1	0	2	2	0	1	0	1	0	2
1503	1	0	0	1	1	0	0	1	1	0	0	0	0	1	1	0	1	1	2	1	0
1504	0	1	0	1	0	0	0	1	1	0	0	0	0	0	0	0	1	0	0	1	2
1505	0	1	0	0	1	0	1	2	2	0	0	0	0	0	1	0	2	1	2	2	2
1506	0	0	0	1	2	1	1	1	1	0	0	0	1	1	0	0	1	0	0	1	2
1507	0	1	1	1	1	0	1	1	1	0	0	0	0	1	1	0	2	2	0	0	0
1508	0	0	1	1	1	0	0	1	1	0	0	0	0	1	1	0	0	1	0	0	0
1509	0	0	2	1	1	0	0	1	1	0	0	0	0	1	0	0	1	1	2	2	2
1510	0	1	0	0	0	0	0	2	0	1	0	0	0	1	1	0	0	0	2	1	0
1511	0	0	1	0	2	1	2	2	1	0	0	0	1	0	1	0	0	1	1	0	2
1512	0	1	0	0	0	2	0	2	0	0	0	0	0	1	0	0	1	2	2	2	2
1513	0	2	0	1	2	2	0	1	1	0	0	0	0	1	1	0	1	2	1	2	0
1514	0	1	0	0	0	1	1	1	0	0	0	0	1	1	2	0	2	0	2	1	0
1515	0	1	0	1	2	0	0	1	1	0	0	0	1	2	1	0	1	2	2	1	0
1516	0	1	0	1	2	0	1	0	1	0	0	1	0	1	2	1	2	0	2	2	2
1517	0	1	0	0	1	1	1	0	0	0	0	0	0	0	1	0	2	0	2	1	0
1518	0	0	0	0	0	0	1	1	1	0	0	0	0	1	0	0	0	2	1	2	0
1519	0	1	0	1	0	0	2	1	1	1	0	0	0	1	1	0	1	1	0	0	0
1520	0	0	0	1	1	1	1	1	1	1	0	0	0	2	1	0	1	1	1	0	2
1521	0	1	0	0	0	0	1	1	2	1	0	0	0	0	0	0	0	1	1	0	2
1522	0	0	0	0	1	1	0	1	1	0	0	0	0	0	1	0	1	0	2	2	2
1523	0	1	0	0	0	2	1	1	1	0	0	0	0	1	2	0	2	0	1	0	2
1524	0	1	0	1	1	0	0	0	1	0	0	0	0	2	0	0	2	2	1	2	0
1525	0	0	0	1	0	1	1	1	1	0	0	0	0	0	1	0	2	1	2	1	0
1526	0	1	1	1	1	1	1	1	1	0	0	0	1	1	1	0	1	1	0	1	2
1527	0	1	0	0	1	0	0	0	1	1	0	0	1	0	0	0	1	0	0	1	2
1528	0	2	1	0	1	0	1	1	0	0	0	0	0	2	2	0	2	1	0	1	2
1529	0	0	0	0	0	2	0	2	0	0	0	0	0	1	1	0	0	2	2	1	0
1530	0	0	0	1	2	1	1	1	0	0	0	0	1	0	1	0	1	2	2	1	0
1531	0	1	0	0	1	0	1	1	1	0	0	0	0	1	1	0	2	2	0	1	2
1532	0	1	0	1	1	1	0	0	1	0	0	0	0	1	0	0	0	1	1	0	2
1533	1	1	1	1	1	0	1	1	0	0	0	0	0	0	1	0	2	1	2	2	2
1534	0	1	0	0	0	0	0	1	1	0	0	0	0	2	1	0	2	1	0	1	2
1535	0	1	1	1	1	1	0	2	0	0	0	0	0	0	1	0	1	2	0	1	2
1536	0	1	1	2	0	2	2	0	1	0	0	0	0	2	1	0	0	1	2	1	0
1537	1	2	1	1	1	0	1	1	0	0	0	0	0	1	0	0	1	2	2	2	2
1538	0	1	0	0	0	0	1	0	1	0	0	1	0	1	2	0	1	2	2	1	0
1539	0	0	0	0	2	0	0	1	1	0	0	1	1	0	1	0	2	1	0	1	2
1540	0	0	0	0	1	0	1	0	0	0	0	0	0	1	0	0	2	2	0	1	2
1541	0	0	0	1	1	0	2	0	0	1	0	0	0	0	1	0	1	2	2	1	0
1542	0	0	0	1	2	1	2	0	0	0	0	0	0	1	1	0	1	2	0	1	2
1543	0	1	0	1	1	0	0	0	0	0	0	0	0	1	1	0	0	1	2	1	0
1544	0	0	0	0	1	0	0	2	1	0	0	0	0	1	2	0	1	2	1	0	2
1545	0	1	0	0	1	0	0	1	2	0	0	0	0	1	1	0	0	1	0	1	2
1546	0	1	0	0	0	1	0	1	0	0	0	0	0	1	1	0	2	1	2	1	0
1547	0	1	0	0	0	0	1	1	1	1	0	0	0	1	0	0	1	2	1	0	2
1548	0	1	1	2	1	2	1	1	1	0	0	0	0	1	0	0	2	1	2	2	2
1549	0	1	0	1	0	0	1	1	1	0	0	0	0	0	1	0	2	1	2	1	0
1550	0	2	0	0	1	0	0	2	1	0	0	1	1	1	1	0	1	2	2	1	0
1551	0	0	0	1	2	1	2	1	1	0	0	0	0	0	1	0	2	0	1	2	0
1552	0	2	1	1	2	0	0	1	2	0	0	0	0	1	0	0	1	1	0	0	0
1553	0	1	0	2	2	1	0	1	1	0	0	0	0	2	1	0	1	1	1	0	2
1554	0	1	0	1	1	0	2	2	0	0	0	0	0	1	0	0	2	2	1	0	2
1555	0	0	0	0	0	0	0	2	1	0	0	0	0	0	0	0	1	1	0	1	2
1556	0	1	0	0	1	0	1	1	0	0	0	0	0	2	0	0	2	1	2	1	0
1557	0	1	0	1	0	1	1	1	0	0	0	0	0	0	1	0	0	1	1	0	2
1558	0	1	0	0	2	0	1	1	0	0	0	0	0	1	2	0	1	0	0	1	2
1559	0	2	0	0	2	0	0	2	2	0	0	0	1	0	2	0	2	1	2	1	0
1560	0	0	0	1	0	0	1	0	0	0	0	0	1	2	0	1	1	0	1	0	2
1561	0	0	0	1	0	0	0	1	1	0	0	0	0	0	2	0	1	0	1	2	0
1562	0	1	0	1	2	0	1	2	1	0	1	1	1	1	0	0	2	0	1	0	2
1563	0	0	0	1	0	0	0	1	1	0	0	1	1	1	1	1	1	2	0	0	0
1564	0	0	0	2	2	0	1	0	2	1	0	0	0	0	1	0	0	2	1	2	0
1565	0	0	0	1	1	1	2	1	0	0	0	0	0	2	1	0	1	1	0	1	2
1566	0	2	0	0	1	0	0	0	0	0	0	0	0	0	0	0	2	1	1	0	2
1567	0	0	0	1	1	0	1	2	0	0	0	0	0	1	0	0	1	2	2	1	0
1568	0	0	0	1	2	0	0	2	2	0	0	0	0	1	2	0	2	1	1	2	0
1569	0	1	0	2	1	1	0	0	1	0	0	0	0	2	2	0	2	1	1	0	2
1570	0	1	0	0	0	0	0	0	1	0	0	0	0	0	1	0	2	2	1	2	0
1571	0	1	0	0	0	0	1	0	0	0	0	1	0	2	1	0	1	1	2	1	0
1572	0	1	0	1	1	0	0	2	0	0	0	0	0	0	2	0	0	1	1	0	2
1573	0	1	0	1	0	0	0	2	2	0	1	0	0	1	0	0	1	0	2	1	0
1574	0	1	0	1	0	0	1	1	1	0	0	0	0	1	1	0	1	1	1	2	0
1575	0	1	0	2	2	1	0	1	0	0	0	0	0	0	2	0	1	2	1	0	2
1576	0	1	0	0	2	1	1	1	2	0	0	0	0	0	1	0	1	1	2	1	0
1577	0	0	1	0	0	1	0	0	0	0	0	0	0	1	0	0	1	0	1	0	2
1578	0	2	0	0	2	0	1	1	0	0	0	1	0	0	0	1	1	1	0	1	2
1579	0	1	0	0	1	0	1	0	1	1	0	0	0	1	0	1	0	1	1	0	2
1580	0	2	0	0	0	0	0	1	1	0	0	0	0	1	1	0	1	1	2	1	0
1581	0	0	0	1	0	0	0	1	1	0	0	0	1	2	1	0	2	1	1	0	2
1582	0	1	0	1	2	0	1	1	1	0	0	0	0	1	0	0	0	0	0	1	2
1583	0	1	0	1	1	1	1	2	0	1	0	0	0	2	1	0	1	1	0	1	2
1584	0	1	0	1	1	2	1	1	1	0	0	0	0	0	0	0	2	1	2	2	2
1585	0	1	0	1	2	1	1	0	1	0	0	0	0	0	2	0	1	0	0	1	2
1586	0	1	0	0	0	0	2	1	0	0	0	0	0	2	1	0	1	0	2	1	0
1587	0	0	0	0	1	0	0	2	1	0	0	1	0	2	0	0	1	0	2	1	0
1588	0	1	0	0	1	0	0	1	0	0	0	0	0	1	0	0	0	1	0	0	0
1589	1	1	0	1	0	1	0	0	1	0	0	0	0	1	2	0	0	0	1	2	0
1590	0	0	0	1	0	0	0	0	1	0	0	0	0	2	2	0	0	0	1	2	0
1591	0	1	0	1	1	0	1	1	0	1	0	0	1	0	1	0	1	1	0	1	2
1592	0	2	2	0	0	1	0	2	1	1	0	1	0	1	0	0	1	0	1	0	2
1593	0	0	0	0	1	0	1	0	1	1	0	1	0	0	0	0	1	1	2	2	2
1594	0	1	0	1	1	0	1	1	1	0	0	0	0	1	1	0	1	2	0	1	2
1595	0	2	0	1	2	1	0	0	1	0	0	0	0	2	1	0	2	1	2	1	0
1596	0	1	1	1	2	0	0	0	0	0	1	0	0	2	1	0	1	0	1	0	2
1597	0	1	0	0	1	1	0	0	1	0	0	0	0	1	1	0	1	1	1	0	2
1598	1	2	0	1	0	0	0	1	1	1	0	0	0	2	1	0	1	1	2	1	0
1599	0	1	0	0	1	0	1	0	2	0	0	0	0	1	1	0	1	1	1	0	2
